type : directed1
s 42 h 32 r 4
counts 1122
9 5.588710
8 5.520161
8 5.493952
8 5.493952
8 5.493952
8 5.493952
8 5.493952
8 5.493952
8 5.491935
8 5.445565
8 5.445565
8 5.445565
8 5.445565
8 5.445565
8 5.445565
8 5.445565
8 5.445565
8 5.445565
8 5.445565
8 5.445565
8 5.445565
8 5.445565
8 5.445565
8 5.445565
8 5.405242
8 5.405242
8 5.405242
8 5.405242
8 5.405242
8 5.405242
8 5.405242
8 5.405242
8 5.405242
8 5.405242
8 5.405242
8 5.381048
8 5.381048
8 5.381048
8 5.381048
8 5.381048
8 5.381048
8 5.381048
8 5.381048
8 5.381048
8 5.381048
8 5.381048
8 5.381048
8 5.381048
8 5.366935
8 5.366935
8 5.366935
8 5.366935
8 5.366935
8 5.366935
8 5.366935
8 5.366935
8 5.366935
8 5.366935
8 5.366935
8 5.366935
8 5.346774
8 5.346774
7 5.344758
7 5.344758
7 5.344758
7 5.344758
7 5.344758
7 5.344758
7 5.344758
7 5.344758
7 5.344758
7 5.344758
7 5.320565
7 5.320565
7 5.316532
7 5.316532
7 5.316532
7 5.316532
7 5.316532
7 5.316532
7 5.316532
7 5.300403
7 5.300403
7 5.300403
7 5.300403
7 5.300403
7 5.300403
7 5.300403
7 5.300403
7 5.300403
7 5.300403
7 5.300403
7 5.300403
7 5.300403
7 5.300403
7 5.300403
7 5.300403
7 5.300403
7 5.300403
7 5.300403
7 5.300403
7 5.300403
7 5.300403
7 5.300403
7 5.300403
7 5.300403
7 5.300403
7 5.296371
7 5.296371
7 5.296371
7 5.296371
7 5.296371
7 5.296371
7 5.296371
7 5.296371
7 5.296371
7 5.296371
7 5.296371
7 5.296371
7 5.296371
7 5.296371
7 5.296371
7 5.296371
7 5.296371
7 5.296371
7 5.296371
7 5.296371
7 5.296371
7 5.296371
7 5.296371
7 5.296371
7 5.296371
7 5.296371
7 5.296371
7 5.296371
7 5.296371
7 5.296371
7 5.296371
7 5.296371
7 5.296371
7 5.296371
7 5.296371
7 5.296371
7 5.296371
7 5.296371
7 5.296371
7 5.296371
7 5.296371
7 5.296371
7 5.296371
7 5.296371
7 5.296371
7 5.296371
7 5.280242
7 5.280242
7 5.280242
7 5.280242
7 5.280242
7 5.280242
7 5.280242
7 5.260081
7 5.260081
7 5.260081
7 5.260081
7 5.260081
7 5.260081
7 5.260081
7 5.260081
7 5.260081
7 5.260081
7 5.260081
7 5.260081
7 5.260081
7 5.260081
7 5.260081
7 5.260081
7 5.260081
7 5.260081
7 5.260081
7 5.260081
7 5.260081
7 5.260081
7 5.260081
7 5.260081
7 5.260081
7 5.260081
7 5.260081
7 5.260081
7 5.260081
7 5.260081
7 5.260081
7 5.260081
7 5.260081
7 5.260081
7 5.260081
7 5.260081
7 5.260081
7 5.260081
7 5.260081
7 5.260081
7 5.260081
7 5.260081
7 5.260081
7 5.260081
7 5.260081
7 5.260081
7 5.260081
7 5.260081
7 5.260081
7 5.260081
7 5.260081
7 5.260081
7 5.260081
7 5.260081
7 5.260081
7 5.260081
7 5.260081
7 5.260081
7 5.260081
7 5.260081
7 5.260081
7 5.260081
7 5.260081
7 5.260081
7 5.260081
7 5.260081
7 5.260081
7 5.260081
7 5.260081
7 5.260081
7 5.260081
7 5.260081
7 5.260081
7 5.260081
7 5.260081
7 5.260081
7 5.260081
7 5.260081
7 5.260081
7 5.260081
7 5.260081
7 5.260081
7 5.260081
7 5.260081
7 5.260081
7 5.260081
7 5.260081
7 5.245968
7 5.245968
7 5.245968
7 5.245968
7 5.245968
7 5.245968
7 5.245968
7 5.245968
7 5.245968
7 5.245968
7 5.245968
7 5.245968
7 5.245968
7 5.245968
7 5.245968
7 5.245968
7 5.245968
7 5.245968
7 5.245968
7 5.245968
7 5.245968
7 5.245968
7 5.245968
7 5.245968
7 5.245968
7 5.245968
7 5.245968
7 5.245968
7 5.245968
7 5.245968
7 5.245968
7 5.245968
7 5.245968
7 5.245968
7 5.245968
7 5.245968
7 5.245968
7 5.245968
7 5.245968
7 5.245968
7 5.245968
7 5.245968
7 5.245968
7 5.245968
7 5.245968
7 5.245968
7 5.245968
7 5.245968
7 5.245968
7 5.245968
7 5.245968
7 5.245968
7 5.245968
7 5.245968
7 5.245968
7 5.245968
7 5.245968
7 5.245968
7 5.245968
7 5.245968
7 5.245968
7 5.245968
7 5.245968
7 5.245968
7 5.245968
7 5.245968
7 5.245968
7 5.245968
7 5.245968
7 5.245968
7 5.245968
7 5.245968
7 5.245968
7 5.245968
7 5.245968
7 5.245968
7 5.245968
7 5.245968
7 5.245968
7 5.245968
7 5.245968
7 5.245968
7 5.245968
7 5.245968
7 5.245968
7 5.245968
7 5.245968
7 5.245968
7 5.245968
7 5.245968
7 5.245968
7 5.245968
7 5.245968
7 5.245968
7 5.245968
7 5.245968
7 5.245968
7 5.245968
7 5.245968
7 5.245968
7 5.245968
7 5.245968
7 5.245968
7 5.245968
7 5.245968
7 5.245968
7 5.243952
7 5.243952
7 5.243952
7 5.243952
7 5.243952
7 5.243952
7 5.243952
7 5.243952
7 5.243952
7 5.243952
7 5.243952
7 5.243952
7 5.243952
7 5.243952
7 5.243952
7 5.243952
7 5.243952
7 5.243952
7 5.243952
7 5.243952
7 5.243952
7 5.243952
7 5.243952
7 5.243952
7 5.243952
7 5.243952
7 5.243952
7 5.243952
7 5.243952
7 5.243952
7 5.243952
7 5.243952
7 5.243952
7 5.243952
7 5.243952
7 5.243952
7 5.243952
7 5.243952
7 5.243952
7 5.243952
7 5.243952
7 5.243952
7 5.243952
7 5.243952
7 5.243952
7 5.243952
7 5.243952
7 5.243952
7 5.243952
7 5.243952
7 5.243952
7 5.243952
7 5.243952
7 5.243952
7 5.243952
7 5.243952
7 5.243952
7 5.243952
7 5.243952
7 5.243952
7 5.243952
7 5.243952
7 5.243952
7 5.243952
7 5.243952
7 5.243952
7 5.243952
7 5.243952
7 5.243952
7 5.243952
7 5.243952
7 5.243952
7 5.243952
7 5.243952
7 5.243952
7 5.243952
7 5.243952
7 5.241935
7 5.241935
7 5.241935
7 5.241935
7 5.241935
7 5.241935
7 5.241935
7 5.241935
7 5.241935
7 5.241935
7 5.241935
7 5.241935
7 5.241935
7 5.241935
7 5.241935
7 5.241935
7 5.241935
7 5.241935
7 5.241935
7 5.241935
7 5.241935
7 5.241935
7 5.241935
7 5.241935
7 5.241935
7 5.241935
7 5.241935
7 5.241935
7 5.241935
7 5.241935
7 5.241935
7 5.241935
7 5.241935
7 5.241935
7 5.241935
7 5.241935
7 5.241935
7 5.241935
7 5.241935
7 5.235887
7 5.235887
7 5.235887
7 5.235887
7 5.235887
7 5.235887
7 5.235887
7 5.235887
7 5.235887
7 5.235887
7 5.235887
7 5.235887
7 5.235887
7 5.235887
7 5.235887
7 5.235887
7 5.235887
7 5.235887
7 5.235887
7 5.235887
7 5.235887
7 5.235887
7 5.235887
7 5.235887
7 5.235887
7 5.235887
7 5.235887
7 5.235887
7 5.235887
7 5.235887
7 5.235887
7 5.235887
7 5.235887
7 5.235887
7 5.235887
7 5.235887
7 5.235887
7 5.235887
7 5.235887
7 5.235887
7 5.235887
7 5.235887
7 5.235887
7 5.235887
7 5.235887
7 5.235887
7 5.235887
7 5.235887
7 5.235887
7 5.235887
7 5.235887
7 5.235887
7 5.235887
7 5.235887
7 5.235887
7 5.235887
7 5.235887
7 5.235887
7 5.235887
7 5.235887
7 5.235887
7 5.235887
7 5.235887
7 5.235887
7 5.235887
7 5.235887
7 5.235887
7 5.235887
7 5.235887
7 5.235887
7 5.235887
7 5.235887
7 5.235887
7 5.235887
7 5.235887
7 5.235887
7 5.235887
7 5.235887
7 5.235887
7 5.235887
7 5.235887
7 5.235887
7 5.235887
7 5.235887
7 5.235887
7 5.235887
7 5.235887
7 5.235887
7 5.235887
7 5.235887
7 5.235887
7 5.235887
7 5.235887
7 5.235887
7 5.235887
7 5.235887
7 5.235887
7 5.235887
7 5.235887
7 5.235887
7 5.235887
7 5.235887
7 5.235887
7 5.235887
7 5.235887
7 5.235887
7 5.235887
7 5.235887
7 5.235887
7 5.235887
7 5.235887
7 5.235887
7 5.235887
7 5.235887
7 5.235887
7 5.235887
7 5.235887
7 5.235887
7 5.235887
7 5.235887
7 5.235887
7 5.235887
7 5.235887
7 5.235887
7 5.235887
7 5.235887
7 5.235887
7 5.235887
7 5.235887
7 5.235887
7 5.235887
7 5.235887
7 5.235887
7 5.235887
7 5.235887
7 5.235887
7 5.235887
7 5.235887
7 5.235887
7 5.235887
7 5.235887
7 5.235887
7 5.235887
7 5.235887
7 5.235887
7 5.235887
7 5.235887
7 5.235887
7 5.233871
7 5.233871
7 5.233871
7 5.233871
7 5.233871
7 5.233871
7 5.231855
7 5.231855
7 5.231855
7 5.231855
7 5.231855
7 5.231855
7 5.231855
7 5.231855
7 5.231855
7 5.231855
7 5.231855
7 5.231855
7 5.231855
7 5.231855
7 5.205645
7 5.205645
7 5.205645
7 5.205645
7 5.205645
7 5.205645
7 5.205645
7 5.205645
7 5.205645
7 5.205645
7 5.205645
7 5.205645
7 5.205645
7 5.205645
7 5.205645
7 5.199597
7 5.199597
7 5.199597
7 5.199597
7 5.199597
7 5.199597
7 5.199597
7 5.199597
7 5.199597
7 5.199597
7 5.199597
7 5.199597
7 5.199597
7 5.199597
7 5.199597
7 5.199597
7 5.199597
7 5.199597
7 5.199597
7 5.199597
7 5.199597
7 5.199597
7 5.199597
7 5.199597
7 5.199597
7 5.199597
7 5.199597
7 5.199597
7 5.199597
7 5.199597
7 5.199597
7 5.199597
7 5.199597
7 5.199597
7 5.199597
7 5.199597
7 5.199597
7 5.199597
7 5.199597
7 5.199597
7 5.199597
7 5.199597
7 5.199597
7 5.199597
7 5.199597
7 5.199597
7 5.199597
7 5.199597
7 5.199597
7 5.199597
7 5.199597
7 5.199597
7 5.199597
7 5.199597
7 5.199597
7 5.199597
7 5.199597
7 5.199597
7 5.199597
7 5.199597
7 5.199597
7 5.199597
7 5.199597
7 5.199597
7 5.199597
7 5.199597
7 5.199597
7 5.199597
7 5.199597
7 5.199597
7 5.199597
7 5.199597
7 5.199597
7 5.199597
7 5.199597
7 5.199597
7 5.199597
7 5.199597
7 5.199597
7 5.199597
7 5.199597
7 5.199597
7 5.199597
7 5.199597
7 5.199597
7 5.199597
7 5.199597
7 5.195565
7 5.195565
7 5.195565
7 5.195565
7 5.195565
7 5.195565
7 5.195565
7 5.195565
7 5.195565
7 5.195565
7 5.195565
7 5.195565
7 5.195565
7 5.195565
7 5.195565
7 5.195565
7 5.195565
7 5.195565
7 5.195565
7 5.195565
7 5.195565
7 5.195565
7 5.195565
7 5.195565
7 5.195565
7 5.195565
7 5.195565
7 5.195565
7 5.195565
7 5.195565
7 5.195565
7 5.195565
7 5.195565
7 5.195565
7 5.195565
7 5.195565
7 5.195565
7 5.195565
7 5.195565
7 5.195565
7 5.195565
7 5.195565
7 5.195565
7 5.195565
7 5.195565
7 5.195565
7 5.195565
7 5.195565
7 5.195565
7 5.195565
7 5.195565
7 5.195565
7 5.195565
7 5.195565
7 5.195565
7 5.195565
7 5.195565
7 5.195565
7 5.195565
7 5.195565
7 5.195565
7 5.195565
7 5.195565
7 5.195565
7 5.195565
7 5.195565
7 5.195565
7 5.195565
7 5.195565
7 5.195565
7 5.195565
7 5.195565
7 5.195565
7 5.195565
7 5.195565
7 5.195565
7 5.195565
7 5.195565
7 5.195565
7 5.195565
7 5.195565
7 5.195565
7 5.195565
7 5.195565
7 5.195565
7 5.195565
7 5.195565
7 5.195565
7 5.195565
7 5.195565
7 5.195565
7 5.195565
7 5.195565
7 5.195565
7 5.195565
7 5.195565
7 5.195565
7 5.195565
7 5.195565
7 5.195565
7 5.195565
7 5.193548
7 5.193548
7 5.193548
7 5.193548
7 5.193548
7 5.193548
7 5.193548
7 5.193548
7 5.193548
7 5.193548
7 5.193548
7 5.193548
7 5.193548
7 5.193548
7 5.193548
7 5.193548
7 5.193548
7 5.193548
7 5.193548
7 5.193548
7 5.193548
7 5.193548
7 5.193548
7 5.193548
7 5.193548
7 5.193548
7 5.193548
7 5.193548
7 5.193548
7 5.193548
7 5.193548
7 5.193548
7 5.193548
7 5.193548
7 5.193548
7 5.193548
7 5.193548
7 5.193548
7 5.193548
7 5.193548
7 5.193548
7 5.193548
7 5.193548
7 5.193548
7 5.193548
7 5.193548
7 5.193548
7 5.193548
7 5.193548
7 5.193548
7 5.193548
7 5.193548
7 5.193548
7 5.193548
7 5.193548
7 5.193548
7 5.193548
7 5.193548
7 5.193548
7 5.193548
7 5.193548
7 5.193548
7 5.193548
7 5.193548
7 5.193548
7 5.193548
7 5.193548
7 5.193548
7 5.191532
7 5.191532
7 5.191532
7 5.191532
7 5.191532
7 5.191532
7 5.191532
7 5.191532
7 5.191532
7 5.191532
7 5.191532
7 5.191532
7 5.191532
7 5.191532
7 5.191532
7 5.191532
7 5.191532
7 5.191532
7 5.191532
7 5.191532
7 5.191532
7 5.191532
7 5.191532
7 5.191532
7 5.191532
7 5.191532
7 5.191532
7 5.191532
7 5.191532
7 5.191532
7 5.191532
7 5.191532
7 5.191532
7 5.191532
7 5.191532
7 5.191532
7 5.191532
7 5.191532
7 5.191532
7 5.191532
7 5.191532
7 5.191532
7 5.191532
7 5.191532
7 5.191532
7 5.191532
7 5.191532
7 5.191532
7 5.191532
7 5.191532
7 5.191532
7 5.191532
7 5.191532
7 5.191532
7 5.191532
7 5.191532
7 5.191532
7 5.191532
7 5.191532
7 5.191532
7 5.191532
7 5.191532
7 5.191532
7 5.191532
7 5.191532
7 5.191532
7 5.191532
7 5.191532
7 5.191532
7 5.191532
7 5.191532
7 5.191532
7 5.191532
7 5.191532
7 5.191532
7 5.191532
7 5.191532
7 5.191532
7 5.191532
7 5.191532
7 5.191532
7 5.191532
7 5.191532
7 5.191532
7 5.191532
7 5.191532
7 5.191532
7 5.191532
7 5.191532
7 5.191532
7 5.191532
7 5.191532
7 5.191532
7 5.191532
7 5.191532
7 5.191532
7 5.191532
7 5.191532
7 5.191532
7 5.191532
7 5.191532
7 5.191532
7 5.191532
7 5.191532
7 5.191532
7 5.191532
7 5.191532
7 5.191532
7 5.191532
7 5.191532
7 5.191532
7 5.191532
7 5.191532
7 5.191532
7 5.191532
7 5.191532
7 5.191532
7 5.191532
7 5.191532
7 5.191532
7 5.191532
7 5.191532
7 5.191532
7 5.191532
7 5.191532
7 5.191532
7 5.191532
7 5.191532
7 5.191532
7 5.191532
7 5.191532
7 5.191532
7 5.191532
7 5.191532
7 5.191532
7 5.191532
7 5.191532
7 5.191532
7 5.191532
7 5.191532
7 5.191532
7 5.191532
7 5.191532
7 5.191532
7 5.191532
7 5.191532
7 5.191532
7 5.191532
7 5.191532
7 5.191532
7 5.191532
7 5.191532
7 5.191532
7 5.191532
7 5.191532
7 5.191532
7 5.191532
7 5.191532
7 5.191532
7 5.191532
7 5.191532
7 5.191532
7 5.191532
7 5.191532
7 5.191532
7 5.191532
7 5.191532
7 5.191532
7 5.191532
7 5.191532
7 5.191532
7 5.191532
7 5.191532
7 5.191532
7 5.191532
7 5.191532
7 5.191532
7 5.191532
7 5.191532
7 5.191532
7 5.191532
7 5.191532
7 5.191532
7 5.191532
7 5.191532
7 5.191532
7 5.191532
7 5.191532
7 5.191532
7 5.191532
7 5.191532
7 5.191532
7 5.191532
7 5.191532
7 5.191532
7 5.191532
7 5.191532
7 5.191532
7 5.191532
7 5.191532
7 5.191532
7 5.191532
7 5.191532
7 5.191532
7 5.191532
7 5.191532
7 5.191532
7 5.191532
7 5.191532
7 5.191532
7 5.191532
7 5.191532
7 5.191532
7 5.191532
