type : directed2
s 42 h 32 r 4
counts 991
9 5.588710
9 5.568548
8 5.530242
8 5.469758
8 5.461694
8 5.461694
8 5.461694
8 5.461694
8 5.461694
8 5.447581
8 5.417339
8 5.393145
8 5.393145
8 5.381048
8 5.372984
7 5.362903
7 5.348790
7 5.348790
7 5.348790
7 5.348790
7 5.348790
7 5.336694
7 5.336694
7 5.336694
7 5.336694
7 5.336694
7 5.336694
7 5.336694
7 5.320565
7 5.320565
7 5.320565
7 5.320565
7 5.320565
7 5.320565
7 5.320565
7 5.320565
7 5.320565
7 5.320565
7 5.320565
7 5.320565
7 5.320565
7 5.318548
7 5.298387
7 5.298387
7 5.298387
7 5.298387
7 5.298387
7 5.280242
7 5.280242
7 5.280242
7 5.280242
7 5.280242
7 5.280242
7 5.280242
7 5.280242
7 5.280242
7 5.280242
7 5.280242
7 5.280242
7 5.280242
7 5.280242
7 5.280242
7 5.280242
7 5.280242
7 5.280242
7 5.280242
7 5.280242
7 5.280242
7 5.280242
7 5.280242
7 5.280242
7 5.280242
7 5.280242
7 5.280242
7 5.266129
7 5.266129
7 5.266129
7 5.266129
7 5.266129
7 5.266129
7 5.266129
7 5.266129
7 5.266129
7 5.266129
7 5.266129
7 5.266129
7 5.266129
7 5.266129
7 5.266129
7 5.266129
7 5.266129
7 5.266129
7 5.266129
7 5.266129
7 5.266129
7 5.266129
7 5.266129
7 5.266129
7 5.266129
7 5.266129
7 5.266129
7 5.266129
7 5.266129
7 5.266129
7 5.266129
7 5.266129
7 5.266129
7 5.266129
7 5.266129
7 5.266129
7 5.266129
7 5.266129
7 5.266129
7 5.266129
7 5.266129
7 5.266129
7 5.266129
7 5.266129
7 5.266129
7 5.266129
7 5.266129
7 5.266129
7 5.266129
7 5.266129
7 5.266129
7 5.266129
7 5.266129
7 5.266129
7 5.266129
7 5.266129
7 5.266129
7 5.266129
7 5.266129
7 5.266129
7 5.266129
7 5.266129
7 5.266129
7 5.266129
7 5.266129
7 5.266129
7 5.264113
7 5.264113
7 5.264113
7 5.264113
7 5.264113
7 5.264113
7 5.264113
7 5.264113
7 5.264113
7 5.264113
7 5.264113
7 5.264113
7 5.264113
7 5.264113
7 5.264113
7 5.264113
7 5.264113
7 5.264113
7 5.264113
7 5.264113
7 5.243952
7 5.243952
7 5.243952
7 5.243952
7 5.243952
7 5.243952
7 5.243952
7 5.243952
7 5.243952
7 5.243952
7 5.243952
7 5.243952
7 5.243952
7 5.243952
7 5.243952
7 5.243952
7 5.243952
7 5.243952
7 5.243952
7 5.243952
7 5.243952
7 5.243952
7 5.243952
7 5.243952
7 5.243952
7 5.243952
7 5.243952
7 5.243952
7 5.243952
7 5.243952
7 5.243952
7 5.243952
7 5.243952
7 5.243952
7 5.243952
7 5.243952
7 5.243952
7 5.243952
7 5.243952
7 5.243952
7 5.243952
7 5.243952
7 5.243952
7 5.243952
7 5.243952
7 5.243952
7 5.243952
7 5.243952
7 5.243952
7 5.243952
7 5.243952
7 5.243952
7 5.243952
7 5.243952
7 5.243952
7 5.243952
7 5.243952
7 5.243952
7 5.243952
7 5.243952
7 5.243952
7 5.243952
7 5.243952
7 5.243952
7 5.243952
7 5.243952
7 5.243952
7 5.243952
7 5.243952
7 5.243952
7 5.243952
7 5.243952
7 5.243952
7 5.243952
7 5.243952
7 5.243952
7 5.243952
7 5.243952
7 5.243952
7 5.243952
7 5.243952
7 5.243952
7 5.243952
7 5.243952
7 5.243952
7 5.243952
7 5.243952
7 5.243952
7 5.243952
7 5.243952
7 5.243952
7 5.243952
7 5.243952
7 5.243952
7 5.243952
7 5.233871
7 5.233871
7 5.233871
7 5.233871
7 5.233871
7 5.233871
7 5.233871
7 5.233871
7 5.233871
7 5.233871
7 5.233871
7 5.233871
7 5.233871
7 5.233871
7 5.233871
7 5.233871
7 5.233871
7 5.233871
7 5.233871
7 5.233871
7 5.233871
7 5.233871
7 5.233871
7 5.233871
7 5.233871
7 5.233871
7 5.233871
7 5.233871
7 5.233871
7 5.233871
7 5.233871
7 5.233871
7 5.233871
7 5.233871
7 5.233871
7 5.231855
7 5.231855
7 5.231855
7 5.231855
7 5.231855
7 5.231855
7 5.231855
7 5.231855
7 5.231855
7 5.231855
7 5.231855
7 5.231855
7 5.231855
7 5.231855
7 5.231855
7 5.231855
7 5.231855
7 5.231855
7 5.231855
7 5.231855
7 5.231855
7 5.231855
7 5.231855
7 5.231855
7 5.231855
7 5.231855
7 5.231855
7 5.231855
7 5.231855
7 5.231855
7 5.231855
7 5.231855
7 5.231855
7 5.231855
7 5.231855
7 5.231855
7 5.231855
7 5.231855
7 5.231855
7 5.231855
7 5.231855
7 5.231855
7 5.231855
7 5.231855
7 5.231855
7 5.231855
7 5.231855
7 5.231855
7 5.231855
7 5.231855
7 5.231855
7 5.231855
7 5.231855
7 5.231855
7 5.231855
7 5.231855
7 5.231855
7 5.231855
7 5.231855
7 5.231855
7 5.231855
7 5.231855
7 5.231855
7 5.231855
7 5.231855
7 5.231855
7 5.231855
7 5.231855
7 5.231855
7 5.231855
7 5.231855
7 5.231855
7 5.231855
7 5.231855
7 5.231855
7 5.231855
7 5.231855
7 5.231855
7 5.231855
7 5.231855
7 5.231855
7 5.231855
7 5.231855
7 5.231855
7 5.231855
7 5.231855
7 5.231855
7 5.231855
7 5.231855
7 5.231855
7 5.231855
7 5.231855
7 5.231855
7 5.231855
7 5.231855
7 5.231855
7 5.231855
7 5.231855
7 5.231855
7 5.231855
7 5.231855
7 5.231855
7 5.231855
7 5.231855
7 5.231855
7 5.231855
7 5.231855
7 5.231855
7 5.231855
7 5.231855
7 5.231855
7 5.231855
7 5.231855
7 5.231855
7 5.231855
7 5.231855
7 5.231855
7 5.231855
7 5.231855
7 5.231855
7 5.231855
7 5.231855
7 5.231855
7 5.221774
7 5.221774
7 5.221774
7 5.221774
7 5.221774
7 5.221774
7 5.221774
7 5.221774
7 5.221774
7 5.221774
7 5.221774
7 5.221774
7 5.221774
7 5.221774
7 5.221774
7 5.221774
7 5.221774
7 5.221774
7 5.221774
7 5.221774
7 5.221774
7 5.221774
7 5.221774
7 5.221774
7 5.221774
7 5.221774
7 5.221774
7 5.221774
7 5.221774
7 5.221774
7 5.221774
7 5.221774
7 5.221774
7 5.221774
7 5.221774
7 5.221774
7 5.221774
7 5.221774
7 5.221774
7 5.221774
7 5.221774
7 5.221774
7 5.221774
7 5.221774
7 5.221774
7 5.221774
7 5.221774
7 5.221774
7 5.221774
7 5.221774
7 5.221774
7 5.221774
7 5.221774
7 5.221774
7 5.221774
7 5.221774
7 5.221774
7 5.221774
7 5.221774
7 5.221774
7 5.221774
7 5.221774
7 5.221774
7 5.221774
7 5.221774
7 5.221774
7 5.221774
7 5.221774
7 5.221774
7 5.221774
7 5.221774
7 5.221774
7 5.221774
7 5.221774
7 5.221774
7 5.221774
7 5.221774
7 5.221774
7 5.221774
7 5.221774
7 5.221774
7 5.221774
7 5.221774
7 5.221774
7 5.221774
7 5.221774
7 5.221774
7 5.221774
7 5.221774
7 5.221774
7 5.221774
7 5.221774
7 5.221774
7 5.221774
7 5.221774
7 5.221774
7 5.221774
7 5.221774
7 5.221774
7 5.221774
7 5.221774
7 5.221774
7 5.221774
7 5.221774
7 5.221774
7 5.221774
7 5.221774
7 5.221774
7 5.221774
7 5.217742
7 5.217742
7 5.217742
7 5.217742
7 5.217742
7 5.217742
7 5.217742
7 5.217742
7 5.217742
7 5.217742
7 5.217742
7 5.217742
7 5.217742
7 5.217742
7 5.217742
7 5.217742
7 5.217742
7 5.217742
7 5.217742
7 5.217742
7 5.217742
7 5.217742
7 5.217742
7 5.217742
7 5.217742
7 5.217742
7 5.217742
7 5.217742
7 5.217742
7 5.217742
7 5.217742
7 5.217742
7 5.217742
7 5.217742
7 5.217742
7 5.217742
7 5.217742
7 5.217742
7 5.217742
7 5.217742
7 5.217742
7 5.217742
7 5.217742
7 5.217742
7 5.217742
7 5.217742
7 5.217742
7 5.217742
7 5.217742
7 5.217742
7 5.217742
7 5.217742
7 5.217742
7 5.217742
7 5.217742
7 5.217742
7 5.217742
7 5.217742
7 5.217742
7 5.217742
7 5.217742
7 5.217742
7 5.217742
7 5.217742
7 5.217742
7 5.217742
7 5.217742
7 5.217742
7 5.217742
7 5.217742
7 5.217742
7 5.213710
7 5.213710
7 5.213710
7 5.213710
7 5.213710
7 5.213710
7 5.213710
7 5.213710
7 5.213710
7 5.213710
7 5.213710
7 5.213710
7 5.213710
7 5.213710
7 5.213710
7 5.213710
7 5.213710
7 5.213710
7 5.213710
7 5.213710
7 5.213710
7 5.213710
7 5.213710
7 5.213710
7 5.213710
7 5.213710
7 5.213710
7 5.213710
7 5.213710
7 5.213710
7 5.213710
7 5.213710
7 5.207661
7 5.207661
7 5.207661
7 5.207661
7 5.207661
7 5.207661
7 5.207661
7 5.207661
7 5.207661
7 5.207661
7 5.207661
7 5.207661
7 5.207661
7 5.207661
7 5.207661
7 5.207661
7 5.207661
7 5.207661
7 5.207661
7 5.207661
7 5.207661
7 5.207661
7 5.207661
7 5.207661
7 5.207661
7 5.207661
7 5.207661
7 5.207661
7 5.207661
7 5.207661
7 5.207661
7 5.207661
7 5.207661
7 5.207661
7 5.207661
7 5.207661
7 5.207661
7 5.207661
7 5.207661
7 5.207661
7 5.207661
7 5.207661
7 5.207661
7 5.207661
7 5.207661
7 5.207661
7 5.207661
7 5.207661
7 5.207661
7 5.207661
7 5.199597
7 5.199597
7 5.199597
7 5.199597
7 5.199597
7 5.199597
7 5.199597
7 5.199597
7 5.199597
7 5.199597
7 5.199597
7 5.179435
7 5.179435
7 5.179435
7 5.179435
7 5.179435
7 5.179435
7 5.179435
7 5.179435
7 5.179435
7 5.179435
7 5.179435
7 5.179435
7 5.179435
7 5.179435
7 5.179435
7 5.179435
7 5.179435
7 5.179435
7 5.179435
7 5.179435
7 5.179435
7 5.179435
7 5.179435
7 5.179435
7 5.179435
7 5.179435
7 5.179435
7 5.179435
7 5.179435
7 5.179435
7 5.179435
7 5.179435
7 5.179435
7 5.179435
7 5.179435
7 5.179435
7 5.179435
7 5.179435
7 5.179435
7 5.179435
7 5.179435
7 5.179435
7 5.179435
7 5.179435
7 5.179435
7 5.179435
7 5.179435
7 5.179435
7 5.179435
7 5.179435
7 5.179435
7 5.179435
7 5.179435
7 5.179435
7 5.179435
7 5.179435
7 5.179435
7 5.179435
7 5.179435
7 5.179435
7 5.179435
7 5.179435
7 5.179435
7 5.179435
7 5.179435
7 5.179435
7 5.179435
7 5.179435
7 5.179435
7 5.179435
7 5.179435
7 5.179435
7 5.179435
7 5.179435
7 5.179435
7 5.179435
7 5.179435
7 5.179435
7 5.177419
7 5.177419
7 5.177419
7 5.177419
7 5.177419
7 5.169355
7 5.169355
7 5.169355
7 5.169355
7 5.169355
7 5.169355
7 5.169355
7 5.169355
7 5.169355
7 5.169355
7 5.169355
7 5.169355
7 5.169355
7 5.169355
7 5.169355
7 5.169355
7 5.169355
7 5.169355
7 5.169355
7 5.169355
7 5.169355
7 5.169355
7 5.169355
7 5.169355
7 5.169355
7 5.169355
7 5.169355
7 5.169355
7 5.169355
7 5.169355
7 5.169355
7 5.169355
7 5.169355
7 5.169355
7 5.169355
7 5.169355
7 5.169355
7 5.169355
7 5.169355
7 5.169355
7 5.169355
7 5.169355
7 5.169355
7 5.169355
7 5.169355
7 5.169355
7 5.169355
7 5.169355
7 5.169355
7 5.169355
7 5.169355
7 5.169355
7 5.169355
7 5.169355
7 5.169355
7 5.169355
7 5.169355
7 5.169355
7 5.169355
7 5.169355
7 5.169355
7 5.169355
7 5.169355
7 5.169355
7 5.169355
7 5.169355
7 5.169355
7 5.169355
7 5.169355
7 5.169355
7 5.169355
7 5.169355
7 5.169355
7 5.169355
7 5.169355
7 5.169355
7 5.169355
7 5.169355
7 5.169355
7 5.169355
7 5.169355
7 5.169355
7 5.169355
7 5.169355
7 5.169355
7 5.169355
7 5.169355
7 5.169355
7 5.169355
7 5.159274
7 5.159274
7 5.159274
7 5.159274
7 5.159274
7 5.159274
7 5.159274
7 5.159274
7 5.159274
7 5.159274
7 5.159274
7 5.159274
7 5.159274
7 5.157258
7 5.157258
7 5.157258
7 5.157258
7 5.157258
7 5.157258
7 5.157258
7 5.157258
7 5.157258
7 5.157258
7 5.157258
7 5.157258
7 5.157258
7 5.157258
7 5.157258
7 5.157258
7 5.157258
7 5.157258
7 5.157258
7 5.157258
7 5.157258
7 5.157258
7 5.157258
7 5.157258
7 5.157258
7 5.157258
7 5.157258
7 5.157258
7 5.157258
7 5.157258
7 5.157258
7 5.157258
7 5.157258
7 5.157258
7 5.157258
7 5.157258
7 5.157258
7 5.157258
7 5.157258
7 5.157258
7 5.157258
7 5.157258
7 5.157258
7 5.157258
7 5.157258
7 5.157258
7 5.157258
7 5.157258
7 5.157258
7 5.157258
7 5.157258
7 5.157258
7 5.157258
7 5.157258
7 5.157258
7 5.157258
7 5.157258
7 5.157258
7 5.157258
7 5.157258
7 5.157258
7 5.157258
7 5.157258
7 5.157258
7 5.157258
7 5.157258
7 5.157258
7 5.157258
7 5.157258
7 5.157258
7 5.157258
7 5.157258
7 5.157258
7 5.157258
7 5.157258
7 5.157258
7 5.157258
7 5.157258
7 5.157258
7 5.157258
7 5.157258
7 5.157258
7 5.157258
7 5.157258
7 5.157258
7 5.157258
7 5.157258
7 5.157258
7 5.157258
7 5.157258
7 5.157258
7 5.157258
7 5.157258
7 5.157258
7 5.157258
7 5.157258
7 5.157258
7 5.157258
7 5.157258
7 5.157258
7 5.157258
7 5.157258
7 5.157258
7 5.157258
7 5.157258
7 5.157258
7 5.157258
7 5.157258
7 5.157258
7 5.157258
7 5.157258
7 5.157258
7 5.157258
7 5.157258
7 5.157258
7 5.157258
7 5.157258
7 5.157258
7 5.157258
7 5.157258
