type : directed2
s 39 h 80 r 6
counts 2110
8 4.964241
7 4.900633
7 4.900633
7 4.900633
7 4.900633
7 4.900633
7 4.900633
7 4.900633
7 4.885759
7 4.859810
7 4.838608
7 4.821835
7 4.821835
7 4.810127
7 4.804114
7 4.804114
7 4.804114
7 4.804114
6 4.806646
6 4.806646
6 4.806646
6 4.806646
6 4.806646
6 4.806646
6 4.806646
6 4.782278
6 4.782278
6 4.782278
6 4.782278
6 4.782278
6 4.782278
6 4.782278
6 4.782278
6 4.782278
6 4.782278
6 4.782278
6 4.782278
6 4.773418
6 4.773418
6 4.773418
6 4.773418
6 4.773418
6 4.773418
6 4.773418
6 4.763924
6 4.763924
6 4.763924
6 4.763924
6 4.763924
6 4.763924
6 4.760127
6 4.760127
6 4.755380
6 4.755380
6 4.755380
6 4.755380
6 4.755380
6 4.755380
6 4.755380
6 4.744937
6 4.744937
6 4.744937
6 4.744937
6 4.744937
6 4.744937
6 4.744937
6 4.744937
6 4.744937
6 4.744937
6 4.744937
6 4.744937
6 4.744937
6 4.744937
6 4.744937
6 4.744937
6 4.744937
6 4.744937
6 4.744937
6 4.744937
6 4.744937
6 4.744937
6 4.744937
6 4.732595
6 4.732595
6 4.732595
6 4.732595
6 4.732595
6 4.732595
6 4.732595
6 4.732595
6 4.732595
6 4.732595
6 4.732595
6 4.732595
6 4.732595
6 4.732595
6 4.732595
6 4.732595
6 4.732595
6 4.732595
6 4.732595
6 4.732595
6 4.732595
6 4.732595
6 4.732595
6 4.732595
6 4.732595
6 4.732595
6 4.732595
6 4.732595
6 4.732595
6 4.732595
6 4.732595
6 4.721203
6 4.721203
6 4.721203
6 4.721203
6 4.721203
6 4.721203
6 4.721203
6 4.721203
6 4.721203
6 4.721203
6 4.721203
6 4.721203
6 4.696203
6 4.696203
6 4.696203
6 4.696203
6 4.696203
6 4.696203
6 4.696203
6 4.696203
6 4.696203
6 4.696203
6 4.696203
6 4.696203
6 4.696203
6 4.696203
6 4.696203
6 4.696203
6 4.696203
6 4.696203
6 4.696203
6 4.690823
6 4.690823
6 4.690823
6 4.690823
6 4.687658
6 4.687658
6 4.687658
6 4.687658
6 4.687658
6 4.687658
6 4.687658
6 4.687658
6 4.687658
6 4.687658
6 4.687658
6 4.687658
6 4.687658
6 4.676266
6 4.676266
6 4.676266
6 4.676266
6 4.676266
6 4.676266
6 4.676266
6 4.676266
6 4.676266
6 4.676266
6 4.676266
6 4.676266
6 4.676266
6 4.676266
6 4.676266
6 4.676266
6 4.676266
6 4.676266
6 4.676266
6 4.676266
6 4.672152
6 4.672152
6 4.672152
6 4.672152
6 4.672152
6 4.671203
6 4.671203
6 4.671203
6 4.671203
6 4.671203
6 4.671203
6 4.671203
6 4.671203
6 4.667405
6 4.667405
6 4.667405
6 4.667405
6 4.667405
6 4.667405
6 4.667405
6 4.667405
6 4.667405
6 4.667405
6 4.667405
6 4.667405
6 4.667405
6 4.667405
6 4.667405
6 4.667405
6 4.667405
6 4.667405
6 4.667405
6 4.667405
6 4.667405
6 4.667405
6 4.667405
6 4.667405
6 4.667405
6 4.667405
6 4.667405
6 4.667405
6 4.667405
6 4.667405
6 4.667405
6 4.667405
6 4.667405
6 4.667405
6 4.667405
6 4.663924
6 4.663924
6 4.663924
6 4.663924
6 4.663924
6 4.663924
6 4.663924
6 4.663924
6 4.663924
6 4.663924
6 4.663924
6 4.662342
6 4.662342
6 4.662342
6 4.662342
6 4.656013
6 4.656013
6 4.656013
6 4.656013
6 4.656013
6 4.656013
6 4.656013
6 4.656013
6 4.656013
6 4.656013
6 4.656013
6 4.656013
6 4.656013
6 4.656013
6 4.656013
6 4.656013
6 4.656013
6 4.656013
6 4.656013
6 4.656013
6 4.656013
6 4.656013
6 4.656013
6 4.656013
6 4.656013
6 4.656013
6 4.656013
6 4.656013
6 4.656013
6 4.656013
6 4.656013
6 4.656013
6 4.656013
6 4.656013
6 4.656013
6 4.656013
6 4.656013
6 4.656013
6 4.656013
6 4.656013
6 4.656013
6 4.656013
6 4.656013
6 4.656013
6 4.656013
6 4.656013
6 4.656013
6 4.656013
6 4.656013
6 4.656013
6 4.656013
6 4.656013
6 4.656013
6 4.656013
6 4.656013
6 4.656013
6 4.656013
6 4.656013
6 4.656013
6 4.656013
6 4.656013
6 4.656013
6 4.656013
6 4.656013
6 4.656013
6 4.656013
6 4.656013
6 4.656013
6 4.656013
6 4.656013
6 4.656013
6 4.656013
6 4.656013
6 4.656013
6 4.656013
6 4.656013
6 4.656013
6 4.656013
6 4.656013
6 4.656013
6 4.656013
6 4.656013
6 4.656013
6 4.656013
6 4.656013
6 4.656013
6 4.656013
6 4.656013
6 4.656013
6 4.656013
6 4.656013
6 4.656013
6 4.656013
6 4.656013
6 4.656013
6 4.656013
6 4.656013
6 4.656013
6 4.656013
6 4.656013
6 4.656013
6 4.656013
6 4.656013
6 4.656013
6 4.656013
6 4.656013
6 4.656013
6 4.656013
6 4.656013
6 4.656013
6 4.656013
6 4.656013
6 4.656013
6 4.656013
6 4.656013
6 4.656013
6 4.656013
6 4.656013
6 4.656013
6 4.656013
6 4.656013
6 4.656013
6 4.656013
6 4.656013
6 4.656013
6 4.656013
6 4.656013
6 4.656013
6 4.656013
6 4.656013
6 4.656013
6 4.656013
6 4.656013
6 4.656013
6 4.656013
6 4.656013
6 4.656013
6 4.656013
6 4.656013
6 4.656013
6 4.656013
6 4.656013
6 4.656013
6 4.656013
6 4.656013
6 4.656013
6 4.656013
6 4.656013
6 4.656013
6 4.656013
6 4.656013
6 4.656013
6 4.656013
6 4.656013
6 4.656013
6 4.656013
6 4.656013
6 4.656013
6 4.656013
6 4.656013
6 4.656013
6 4.656013
6 4.656013
6 4.656013
6 4.656013
6 4.656013
6 4.651266
6 4.651266
6 4.651266
6 4.651266
6 4.651266
6 4.651266
6 4.651266
6 4.651266
6 4.651266
6 4.651266
6 4.651266
6 4.651266
6 4.651266
6 4.651266
6 4.651266
6 4.651266
6 4.651266
6 4.651266
6 4.651266
6 4.651266
6 4.651266
6 4.651266
6 4.651266
6 4.651266
6 4.651266
6 4.651266
6 4.651266
6 4.651266
6 4.651266
6 4.651266
6 4.651266
6 4.651266
6 4.651266
6 4.651266
6 4.651266
6 4.651266
6 4.651266
6 4.651266
6 4.651266
6 4.651266
6 4.651266
6 4.651266
6 4.651266
6 4.651266
6 4.651266
6 4.651266
6 4.651266
6 4.651266
6 4.651266
6 4.651266
6 4.651266
6 4.651266
6 4.651266
6 4.651266
6 4.651266
6 4.651266
6 4.651266
6 4.651266
6 4.651266
6 4.651266
6 4.651266
6 4.651266
6 4.651266
6 4.651266
6 4.651266
6 4.651266
6 4.651266
6 4.651266
6 4.651266
6 4.651266
6 4.651266
6 4.651266
6 4.651266
6 4.651266
6 4.651266
6 4.651266
6 4.651266
6 4.651266
6 4.651266
6 4.651266
6 4.651266
6 4.651266
6 4.651266
6 4.651266
6 4.651266
6 4.651266
6 4.651266
6 4.651266
6 4.651266
6 4.651266
6 4.651266
6 4.651266
6 4.651266
6 4.651266
6 4.651266
6 4.651266
6 4.651266
6 4.651266
6 4.651266
6 4.651266
6 4.651266
6 4.651266
6 4.651266
6 4.651266
6 4.651266
6 4.651266
6 4.651266
6 4.651266
6 4.651266
6 4.651266
6 4.651266
6 4.651266
6 4.651266
6 4.651266
6 4.651266
6 4.651266
6 4.651266
6 4.651266
6 4.651266
6 4.651266
6 4.651266
6 4.651266
6 4.651266
6 4.651266
6 4.651266
6 4.651266
6 4.651266
6 4.651266
6 4.651266
6 4.651266
6 4.651266
6 4.651266
6 4.651266
6 4.651266
6 4.651266
6 4.651266
6 4.651266
6 4.651266
6 4.651266
6 4.651266
6 4.651266
6 4.651266
6 4.651266
6 4.651266
6 4.651266
6 4.651266
6 4.651266
6 4.651266
6 4.651266
6 4.651266
6 4.651266
6 4.651266
6 4.651266
6 4.651266
6 4.651266
6 4.651266
6 4.651266
6 4.651266
6 4.651266
6 4.651266
6 4.651266
6 4.651266
6 4.651266
6 4.650949
6 4.650949
6 4.650949
6 4.650949
6 4.650949
6 4.650949
6 4.650949
6 4.650949
6 4.650949
6 4.650949
6 4.650949
6 4.650949
6 4.650949
6 4.650949
6 4.650949
6 4.650949
6 4.650949
6 4.650949
6 4.650949
6 4.650949
6 4.650949
6 4.650949
6 4.650949
6 4.650949
6 4.650949
6 4.650949
6 4.650949
6 4.650949
6 4.650949
6 4.650949
6 4.650949
6 4.650949
6 4.650949
6 4.650949
6 4.650949
6 4.650949
6 4.650949
6 4.650949
6 4.650949
6 4.650949
6 4.650949
6 4.650949
6 4.650949
6 4.650949
6 4.650949
6 4.650949
6 4.650949
6 4.650949
6 4.650949
6 4.650949
6 4.650949
6 4.650949
6 4.650949
6 4.650949
6 4.650949
6 4.650949
6 4.650949
6 4.650949
6 4.650949
6 4.650949
6 4.650949
6 4.650949
6 4.650949
6 4.650949
6 4.650949
6 4.650949
6 4.650949
6 4.650949
6 4.650949
6 4.650949
6 4.650949
6 4.650949
6 4.650949
6 4.650949
6 4.650949
6 4.650949
6 4.650949
6 4.650949
6 4.650949
6 4.650949
6 4.650949
6 4.650949
6 4.650949
6 4.650949
6 4.648418
6 4.648418
6 4.648418
6 4.648418
6 4.648418
6 4.648418
6 4.648418
6 4.648418
6 4.648418
6 4.648418
6 4.648418
6 4.648418
6 4.648418
6 4.648418
6 4.648418
6 4.648418
6 4.648418
6 4.648418
6 4.648418
6 4.646835
6 4.646835
6 4.646835
6 4.642722
6 4.642722
6 4.642722
6 4.642722
6 4.642722
6 4.642722
6 4.642722
6 4.642722
6 4.642722
6 4.642722
6 4.642722
6 4.642722
6 4.642722
6 4.642722
6 4.642722
6 4.642722
6 4.642722
6 4.642722
6 4.642722
6 4.641456
6 4.641456
6 4.641456
6 4.641456
6 4.641456
6 4.641456
6 4.641456
6 4.641456
6 4.641456
6 4.641456
6 4.641456
6 4.641456
6 4.641456
6 4.641456
6 4.638924
6 4.638924
6 4.638924
6 4.638924
6 4.638924
6 4.638924
6 4.638924
6 4.638924
6 4.638924
6 4.638924
6 4.638924
6 4.638924
6 4.638924
6 4.638924
6 4.638924
6 4.634494
6 4.634494
6 4.634494
6 4.634494
6 4.634494
6 4.634494
6 4.634494
6 4.634494
6 4.634494
6 4.634494
6 4.634494
6 4.634494
6 4.634494
6 4.634494
6 4.634494
6 4.634494
6 4.634494
6 4.634494
6 4.634494
6 4.634494
6 4.634494
6 4.634494
6 4.634494
6 4.634494
6 4.634494
6 4.634494
6 4.634494
6 4.634494
6 4.634494
6 4.634494
6 4.634494
6 4.634494
6 4.634494
6 4.634494
6 4.634494
6 4.634494
6 4.634494
6 4.634494
6 4.634494
6 4.634494
6 4.634494
6 4.632278
6 4.632278
6 4.632278
6 4.632278
6 4.632278
6 4.632278
6 4.632278
6 4.632278
6 4.632278
6 4.632278
6 4.632278
6 4.632278
6 4.632278
6 4.628797
6 4.628797
6 4.628797
6 4.628797
6 4.628797
6 4.628797
6 4.628797
6 4.628797
6 4.628797
6 4.628797
6 4.628797
6 4.628797
6 4.628797
6 4.628797
6 4.628797
6 4.625633
6 4.625633
6 4.625633
6 4.625633
6 4.625633
6 4.625633
6 4.625633
6 4.625633
6 4.625633
6 4.625633
6 4.625633
6 4.625633
6 4.625633
6 4.625633
6 4.625633
6 4.625633
6 4.625633
6 4.625633
6 4.623418
6 4.623418
6 4.623418
6 4.623418
6 4.623418
6 4.623418
6 4.623418
6 4.623418
6 4.623418
6 4.623418
6 4.623418
6 4.623418
6 4.623418
6 4.623418
6 4.623418
6 4.623418
6 4.623418
6 4.623418
6 4.623418
6 4.623418
6 4.623418
6 4.623418
6 4.623418
6 4.623418
6 4.623418
6 4.623418
6 4.623418
6 4.623418
6 4.623418
6 4.623418
6 4.623418
6 4.623418
6 4.623418
6 4.623418
6 4.623418
6 4.623418
6 4.623418
6 4.623418
6 4.623418
6 4.623418
6 4.623418
6 4.623418
6 4.623418
6 4.623418
6 4.623418
6 4.623418
6 4.623418
6 4.623418
6 4.623418
6 4.623418
6 4.623418
6 4.623418
6 4.623418
6 4.623418
6 4.623418
6 4.623418
6 4.621519
6 4.621519
6 4.621519
6 4.621519
6 4.621519
6 4.621519
6 4.621203
6 4.614241
6 4.614241
6 4.614241
6 4.614241
6 4.614241
6 4.614241
6 4.614241
6 4.614241
6 4.614241
6 4.614241
6 4.614241
6 4.614241
6 4.614241
6 4.614241
6 4.614241
6 4.614241
6 4.614241
6 4.614241
6 4.614241
6 4.614241
6 4.614241
6 4.614241
6 4.614241
6 4.614241
6 4.614241
6 4.614241
6 4.614241
6 4.614241
6 4.614241
6 4.614241
6 4.614241
6 4.614241
6 4.614241
6 4.614241
6 4.614241
6 4.614241
6 4.614241
6 4.614241
6 4.614241
6 4.614241
6 4.614241
6 4.614241
6 4.614241
6 4.614241
6 4.614241
6 4.614241
6 4.614241
6 4.614241
6 4.614241
6 4.614241
6 4.614241
6 4.614241
6 4.614241
6 4.614241
6 4.614241
6 4.614241
6 4.614241
6 4.614241
6 4.614241
6 4.614241
6 4.614241
6 4.610127
6 4.610127
6 4.610127
6 4.610127
6 4.610127
6 4.610127
6 4.610127
6 4.610127
6 4.610127
6 4.610127
6 4.610127
6 4.610127
6 4.610127
6 4.610127
6 4.610127
6 4.610127
6 4.610127
6 4.610127
6 4.610127
6 4.610127
6 4.610127
6 4.610127
6 4.610127
6 4.610127
6 4.610127
6 4.610127
6 4.610127
6 4.610127
6 4.610127
6 4.610127
6 4.610127
6 4.610127
6 4.610127
6 4.610127
6 4.610127
6 4.610127
6 4.610127
6 4.610127
6 4.610127
6 4.609810
6 4.609810
6 4.609810
6 4.609810
6 4.609810
6 4.609810
6 4.609810
6 4.609810
6 4.609810
6 4.609810
6 4.609810
6 4.609810
6 4.609810
6 4.609810
6 4.609810
6 4.609810
6 4.609810
6 4.609810
6 4.609810
6 4.609810
6 4.609810
6 4.609810
6 4.609810
6 4.609810
6 4.609810
6 4.609810
6 4.609810
6 4.609810
6 4.609810
6 4.609810
6 4.609810
6 4.609810
6 4.609810
6 4.609810
6 4.609810
6 4.609810
6 4.609810
6 4.609810
6 4.609810
6 4.609810
6 4.609810
6 4.609810
6 4.609810
6 4.609810
6 4.609810
6 4.609810
6 4.609810
6 4.609810
6 4.609810
6 4.609810
6 4.609810
6 4.609810
6 4.609810
6 4.609810
6 4.609810
6 4.609810
6 4.609810
6 4.609810
6 4.609810
6 4.609810
6 4.609810
6 4.609810
6 4.609810
6 4.609810
6 4.609810
6 4.609810
6 4.609810
6 4.609810
6 4.609810
6 4.609810
6 4.609810
6 4.609810
6 4.609810
6 4.609810
6 4.609810
6 4.609810
6 4.609810
6 4.609810
6 4.609810
6 4.609810
6 4.609810
6 4.609810
6 4.609810
6 4.609810
6 4.609810
6 4.609810
6 4.609810
6 4.609810
6 4.609810
6 4.609810
6 4.609810
6 4.609810
6 4.609810
6 4.609810
6 4.609810
6 4.609810
6 4.609810
6 4.609810
6 4.609810
6 4.609810
6 4.609810
6 4.609810
6 4.609810
6 4.609810
6 4.609810
6 4.609810
6 4.609810
6 4.609810
6 4.609810
6 4.607911
6 4.607911
6 4.607911
6 4.607911
6 4.607911
6 4.607911
6 4.607911
6 4.607911
6 4.607911
6 4.607911
6 4.607911
6 4.607911
6 4.607911
6 4.607911
6 4.607911
6 4.607911
6 4.607911
6 4.607911
6 4.607911
6 4.607911
6 4.607911
6 4.607911
6 4.607911
6 4.607911
6 4.607911
6 4.607911
6 4.607911
6 4.607911
6 4.607911
6 4.607911
6 4.607911
6 4.607911
6 4.607911
6 4.607911
6 4.607911
6 4.607911
6 4.607911
6 4.607911
6 4.607911
6 4.607911
6 4.607911
6 4.607911
6 4.607911
6 4.607911
6 4.607911
6 4.607911
6 4.607911
6 4.607911
6 4.607911
6 4.607911
6 4.607911
6 4.607911
6 4.607911
6 4.607911
6 4.607911
6 4.607911
6 4.607911
6 4.607911
6 4.607911
6 4.601899
6 4.601899
6 4.601899
6 4.601899
6 4.601899
6 4.601899
6 4.601899
6 4.601899
6 4.601899
6 4.601899
6 4.601899
6 4.601899
6 4.601899
6 4.601899
6 4.601899
6 4.601899
6 4.601899
6 4.601899
6 4.601899
6 4.601899
6 4.601899
6 4.601899
6 4.601899
6 4.601899
6 4.601899
6 4.601899
6 4.601899
6 4.600316
6 4.600316
6 4.600316
6 4.600316
6 4.600316
6 4.600316
6 4.600316
6 4.600316
6 4.600316
6 4.600316
6 4.600316
6 4.600316
6 4.600316
6 4.600316
6 4.600316
6 4.600316
6 4.600316
6 4.600316
6 4.600316
6 4.600316
6 4.600316
6 4.600316
6 4.600316
6 4.600316
6 4.600316
6 4.600316
6 4.600316
6 4.600316
6 4.600316
6 4.600316
6 4.600316
6 4.600316
6 4.600316
6 4.600316
6 4.600316
6 4.600316
6 4.600316
6 4.600316
6 4.600316
6 4.600316
6 4.600316
6 4.600316
6 4.600316
6 4.600316
6 4.600316
6 4.600316
6 4.600316
6 4.600316
6 4.600316
6 4.600316
6 4.600316
6 4.600316
6 4.600316
6 4.600316
6 4.600316
6 4.600316
6 4.600316
6 4.600316
6 4.600316
6 4.600316
6 4.600316
6 4.600316
6 4.600316
6 4.600316
6 4.600316
6 4.600316
6 4.600316
6 4.600316
6 4.600316
6 4.600316
6 4.600316
6 4.600316
6 4.600316
6 4.600316
6 4.600316
6 4.600316
6 4.600316
6 4.600316
6 4.600316
6 4.600316
6 4.600316
6 4.600316
6 4.600316
6 4.600316
6 4.600316
6 4.600316
6 4.600316
6 4.600316
6 4.600316
6 4.600316
6 4.600316
6 4.600316
6 4.600316
6 4.600316
6 4.600316
6 4.600316
6 4.600316
6 4.600316
6 4.600316
6 4.600316
6 4.600316
6 4.600316
6 4.600316
6 4.600316
6 4.600316
6 4.600316
6 4.600316
6 4.600316
6 4.600316
6 4.600316
6 4.600316
6 4.600316
6 4.600316
6 4.600316
6 4.600316
6 4.600316
6 4.600316
6 4.600316
6 4.600316
6 4.600316
6 4.600316
6 4.599367
6 4.599367
6 4.599367
6 4.599367
6 4.599367
6 4.599367
6 4.599367
6 4.599367
6 4.599367
6 4.599367
6 4.599367
6 4.599367
6 4.599367
6 4.599367
6 4.599367
6 4.599367
6 4.599367
6 4.599367
6 4.599367
6 4.599367
6 4.599367
6 4.599367
6 4.599367
6 4.599367
6 4.599367
6 4.599367
6 4.599367
6 4.599367
6 4.599367
6 4.599367
6 4.599367
6 4.599367
6 4.599367
6 4.599367
6 4.599367
6 4.599367
6 4.599367
6 4.599367
6 4.599367
6 4.599367
6 4.599367
6 4.599367
6 4.599367
6 4.599367
6 4.599367
6 4.599367
6 4.599367
6 4.599367
6 4.599367
6 4.599367
6 4.599367
6 4.599367
6 4.599367
6 4.597468
6 4.597468
6 4.597468
6 4.597468
6 4.597468
6 4.597468
6 4.597468
6 4.597468
6 4.597468
6 4.597468
6 4.597468
6 4.597468
6 4.597468
6 4.597468
6 4.597468
6 4.597468
6 4.597468
6 4.597468
6 4.597468
6 4.597468
6 4.597468
6 4.597468
6 4.597468
6 4.597468
6 4.597468
6 4.597468
6 4.597468
6 4.597468
6 4.597468
6 4.597468
6 4.597468
6 4.597468
6 4.597468
6 4.597468
6 4.597468
6 4.597468
6 4.597468
6 4.597468
6 4.597468
6 4.597468
6 4.597468
6 4.597468
6 4.597468
6 4.597468
6 4.597468
6 4.597468
6 4.597468
6 4.597468
6 4.597468
6 4.597468
6 4.597468
6 4.597468
6 4.597468
6 4.597468
6 4.597468
6 4.597468
6 4.597468
6 4.597468
6 4.597468
6 4.597468
6 4.597468
6 4.597468
6 4.597468
6 4.597468
6 4.597468
6 4.597468
6 4.597468
6 4.597468
6 4.597468
6 4.597468
6 4.597468
6 4.597468
6 4.597468
6 4.597468
6 4.597468
6 4.597468
6 4.597468
6 4.597468
6 4.597468
6 4.597468
6 4.597468
6 4.597468
6 4.597468
6 4.597468
6 4.597468
6 4.597468
6 4.597468
6 4.597468
6 4.597468
6 4.597468
6 4.597468
6 4.597468
6 4.597468
6 4.597468
6 4.597468
6 4.597468
6 4.597468
6 4.597468
6 4.597468
6 4.597468
6 4.597468
6 4.597468
6 4.597468
6 4.597468
6 4.597468
6 4.597468
6 4.597468
6 4.597468
6 4.597468
6 4.597468
6 4.597468
6 4.597468
6 4.597468
6 4.597468
6 4.597468
6 4.597468
6 4.597468
6 4.597468
6 4.597468
6 4.597468
6 4.597468
6 4.597468
6 4.597468
6 4.597468
6 4.597468
6 4.597468
6 4.597468
6 4.597468
6 4.597468
6 4.597468
6 4.597468
6 4.597468
6 4.597468
6 4.597468
6 4.597468
6 4.597468
6 4.597468
6 4.597468
6 4.597468
6 4.597468
6 4.597468
6 4.597468
6 4.597468
6 4.597468
6 4.597468
6 4.597468
6 4.597468
6 4.597468
6 4.597468
6 4.597468
6 4.597468
6 4.597468
6 4.597468
6 4.597468
6 4.597468
6 4.597468
6 4.597468
6 4.597468
6 4.597468
6 4.597468
6 4.597468
6 4.597468
6 4.597468
6 4.597468
6 4.597468
6 4.597468
6 4.597468
6 4.597468
6 4.597468
6 4.597468
6 4.597468
6 4.597468
6 4.597468
6 4.597468
6 4.597468
6 4.597468
6 4.597468
6 4.597468
6 4.597468
6 4.597468
6 4.597468
6 4.597468
6 4.597468
6 4.597468
6 4.597468
6 4.597468
6 4.597468
6 4.597468
6 4.597468
6 4.597468
6 4.597468
6 4.597468
6 4.597468
6 4.597468
6 4.597468
6 4.597468
6 4.597468
6 4.597468
6 4.597468
6 4.597468
6 4.597468
6 4.597468
6 4.597468
6 4.597468
6 4.597468
6 4.597468
6 4.597468
6 4.597468
6 4.597468
6 4.597468
6 4.597468
6 4.597468
6 4.597468
6 4.597468
6 4.597468
6 4.597468
6 4.597468
6 4.597468
6 4.597468
6 4.597468
6 4.597468
6 4.597468
6 4.597468
6 4.597468
6 4.597468
6 4.597468
6 4.597468
6 4.597468
6 4.597468
6 4.597468
6 4.597468
6 4.597468
6 4.597468
6 4.597468
6 4.597468
6 4.597468
6 4.597468
6 4.597468
6 4.597468
6 4.597468
6 4.597468
6 4.597468
6 4.597468
6 4.597468
6 4.597468
6 4.597468
6 4.597468
6 4.597468
6 4.597468
6 4.597468
6 4.597468
6 4.597468
6 4.597468
6 4.597468
6 4.597468
6 4.597468
6 4.597468
6 4.597468
6 4.597468
6 4.597468
6 4.597468
6 4.597468
6 4.597468
6 4.597468
6 4.597468
6 4.597468
6 4.597468
6 4.597468
6 4.597468
6 4.597468
6 4.597468
6 4.597468
6 4.597468
6 4.597468
6 4.597468
6 4.597468
6 4.597468
6 4.597468
6 4.597468
6 4.597468
6 4.597468
6 4.597468
6 4.597468
6 4.597468
6 4.597468
6 4.597468
6 4.597468
6 4.597468
6 4.597468
6 4.597468
6 4.597468
6 4.597468
6 4.597468
6 4.597468
6 4.597468
6 4.597468
6 4.597468
6 4.597468
6 4.597468
6 4.597468
6 4.597468
6 4.597468
6 4.597468
6 4.597468
6 4.597468
6 4.597468
6 4.597468
6 4.597468
6 4.597468
6 4.597468
6 4.597468
6 4.597468
6 4.597468
6 4.597468
6 4.597468
6 4.597468
6 4.597468
6 4.597468
6 4.597468
6 4.597468
6 4.597468
6 4.597468
6 4.597468
6 4.597468
6 4.597468
6 4.597468
6 4.597468
6 4.597468
6 4.597468
6 4.597468
6 4.597468
6 4.597468
6 4.597468
6 4.597468
6 4.597468
6 4.597468
6 4.597468
6 4.597468
6 4.597468
6 4.597468
6 4.597468
6 4.597468
6 4.597468
6 4.597468
6 4.597468
6 4.597468
6 4.597468
6 4.597468
6 4.597468
6 4.597468
6 4.597468
6 4.597468
6 4.597468
6 4.597468
6 4.597468
6 4.597468
6 4.597468
6 4.597468
6 4.597468
6 4.597468
6 4.597468
6 4.597468
6 4.597468
6 4.597468
6 4.597468
6 4.597468
6 4.597468
6 4.597468
6 4.597468
6 4.597468
6 4.597468
6 4.597468
6 4.597468
6 4.597468
6 4.597468
6 4.597468
6 4.597468
6 4.597468
6 4.597468
6 4.597468
6 4.597468
6 4.597468
6 4.597468
6 4.597152
6 4.597152
6 4.597152
6 4.597152
6 4.597152
6 4.597152
6 4.597152
6 4.597152
6 4.597152
6 4.597152
6 4.597152
6 4.597152
6 4.597152
6 4.597152
6 4.597152
6 4.597152
6 4.597152
6 4.597152
6 4.597152
6 4.597152
6 4.597152
6 4.597152
6 4.597152
6 4.597152
6 4.597152
6 4.597152
6 4.597152
6 4.597152
6 4.597152
6 4.597152
6 4.597152
6 4.597152
6 4.597152
6 4.597152
6 4.597152
6 4.596835
6 4.596835
6 4.596835
6 4.596835
6 4.596835
6 4.596835
6 4.596835
6 4.596835
6 4.596835
6 4.596835
6 4.596835
6 4.596835
6 4.596835
6 4.596835
6 4.596835
6 4.596835
6 4.596835
6 4.596835
6 4.596835
6 4.596835
6 4.596835
6 4.596835
6 4.596835
6 4.596835
6 4.596835
6 4.596835
6 4.596835
6 4.596835
6 4.596835
6 4.596835
6 4.596835
6 4.596835
6 4.596835
6 4.596835
6 4.596835
6 4.596835
6 4.596835
6 4.596835
6 4.596835
6 4.596835
6 4.596835
6 4.596835
6 4.596835
6 4.596835
6 4.596835
6 4.596835
6 4.596835
6 4.596835
6 4.596835
6 4.596835
6 4.596835
6 4.596835
6 4.596835
6 4.596835
6 4.596835
6 4.596835
6 4.596835
6 4.596835
6 4.596835
6 4.596835
6 4.596835
6 4.596835
6 4.596835
6 4.596835
6 4.596835
6 4.596835
6 4.596835
6 4.596835
6 4.596835
6 4.596835
6 4.596835
6 4.596835
6 4.596835
6 4.596835
6 4.596835
6 4.596835
6 4.596835
6 4.596835
6 4.596835
6 4.596835
6 4.596835
6 4.596835
6 4.596835
6 4.596835
6 4.596835
6 4.596835
6 4.596835
6 4.596835
6 4.596835
6 4.596835
6 4.596835
6 4.596835
6 4.596835
6 4.596835
6 4.596835
6 4.596835
6 4.596835
6 4.596835
6 4.596835
6 4.596835
6 4.596835
6 4.596835
6 4.596835
6 4.596835
6 4.596835
6 4.596835
6 4.596835
6 4.596835
6 4.596835
6 4.596835
6 4.596835
6 4.596835
6 4.596835
6 4.596835
6 4.596835
6 4.596835
6 4.596835
6 4.596835
6 4.596835
6 4.596835
6 4.596835
6 4.596835
6 4.596835
6 4.596835
6 4.596835
6 4.596835
6 4.596835
6 4.596835
6 4.596835
6 4.596835
6 4.596835
6 4.596835
6 4.596835
6 4.596835
6 4.596835
6 4.596835
6 4.596835
6 4.596835
6 4.596835
6 4.596835
6 4.596835
6 4.596835
6 4.596835
6 4.596835
6 4.596835
6 4.596835
6 4.596835
6 4.596835
6 4.596835
6 4.596835
6 4.596835
6 4.596835
6 4.596835
6 4.596835
6 4.596835
6 4.596835
6 4.596835
6 4.596835
6 4.596835
6 4.596835
6 4.596835
6 4.596835
6 4.596835
6 4.596835
6 4.596835
6 4.596835
6 4.596835
6 4.596835
6 4.596835
6 4.596835
6 4.596835
6 4.596835
6 4.596835
6 4.596835
6 4.596835
6 4.596835
6 4.596835
6 4.596835
6 4.596835
6 4.596835
6 4.596835
6 4.596835
6 4.596835
6 4.596835
6 4.596835
6 4.596835
6 4.596835
6 4.596835
6 4.596835
6 4.596835
6 4.596835
6 4.596835
6 4.596835
6 4.596835
6 4.596835
6 4.596835
6 4.596835
6 4.596835
6 4.596835
6 4.596835
6 4.596835
6 4.596835
6 4.596835
6 4.596835
6 4.596835
6 4.596835
6 4.596835
6 4.596835
6 4.596835
6 4.596835
6 4.596835
6 4.596835
6 4.596835
6 4.596835
6 4.596835
6 4.596835
6 4.596835
6 4.596835
6 4.596835
6 4.596835
6 4.596835
6 4.596835
6 4.596835
6 4.596835
6 4.596835
6 4.596835
6 4.596835
6 4.596835
6 4.596835
6 4.596835
6 4.596835
6 4.596835
6 4.596835
6 4.596835
6 4.596835
6 4.596835
6 4.596835
6 4.596835
6 4.596835
6 4.596835
6 4.596835
6 4.596835
6 4.596835
6 4.596835
6 4.596835
6 4.596835
6 4.596835
6 4.596835
6 4.596835
6 4.596835
6 4.596835
6 4.596835
6 4.596835
6 4.596835
6 4.596835
6 4.596835
6 4.596835
6 4.596835
6 4.596835
6 4.596835
6 4.596835
6 4.596835
6 4.596835
6 4.596835
6 4.596835
6 4.596835
6 4.596835
6 4.596835
6 4.596835
6 4.596835
6 4.596835
6 4.596835
6 4.596835
6 4.596835
6 4.596835
6 4.596835
6 4.596835
6 4.596835
6 4.596835
6 4.596835
6 4.596835
6 4.596835
6 4.596835
6 4.596835
6 4.596835
6 4.596835
6 4.596835
6 4.596835
6 4.596835
6 4.596835
6 4.596835
6 4.596835
6 4.596835
6 4.596835
6 4.596835
6 4.596835
6 4.596835
6 4.596835
6 4.596835
6 4.596835
6 4.596835
6 4.596835
6 4.596835
6 4.596835
6 4.596835
6 4.596835
6 4.596835
6 4.596835
6 4.596835
6 4.596835
6 4.596835
6 4.596835
6 4.596835
6 4.596835
6 4.596835
6 4.596835
6 4.596835
6 4.596835
6 4.596835
6 4.596835
6 4.596835
6 4.596835
6 4.596835
6 4.596835
6 4.596835
6 4.596835
6 4.596835
6 4.596835
6 4.596835
6 4.596835
6 4.596835
6 4.596835
6 4.596835
6 4.596835
6 4.596835
6 4.596835
6 4.596835
6 4.596835
6 4.596835
6 4.596835
6 4.596835
6 4.596835
6 4.596835
6 4.596835
6 4.596835
6 4.596835
