type : directed1
s 50 h 32 r 4
counts 1940
9 5.739919
9 5.635081
8 5.602823
8 5.602823
8 5.602823
8 5.602823
8 5.602823
8 5.602823
8 5.528226
8 5.514113
8 5.514113
8 5.514113
8 5.514113
8 5.514113
8 5.473790
8 5.471774
8 5.467742
8 5.467742
8 5.467742
8 5.467742
8 5.453629
8 5.441532
8 5.441532
8 5.441532
8 5.441532
8 5.441532
8 5.441532
8 5.441532
8 5.405242
7 5.437500
7 5.437500
7 5.437500
7 5.437500
7 5.437500
7 5.437500
7 5.437500
7 5.437500
7 5.437500
7 5.437500
7 5.437500
7 5.437500
7 5.415323
7 5.415323
7 5.415323
7 5.415323
7 5.415323
7 5.415323
7 5.415323
7 5.407258
7 5.407258
7 5.407258
7 5.407258
7 5.407258
7 5.407258
7 5.407258
7 5.407258
7 5.407258
7 5.407258
7 5.407258
7 5.407258
7 5.407258
7 5.407258
7 5.407258
7 5.407258
7 5.407258
7 5.407258
7 5.407258
7 5.407258
7 5.407258
7 5.407258
7 5.407258
7 5.407258
7 5.407258
7 5.407258
7 5.407258
7 5.407258
7 5.407258
7 5.407258
7 5.407258
7 5.407258
7 5.407258
7 5.407258
7 5.407258
7 5.407258
7 5.407258
7 5.407258
7 5.407258
7 5.407258
7 5.407258
7 5.407258
7 5.407258
7 5.407258
7 5.407258
7 5.407258
7 5.407258
7 5.407258
7 5.407258
7 5.407258
7 5.407258
7 5.407258
7 5.407258
7 5.407258
7 5.407258
7 5.407258
7 5.407258
7 5.407258
7 5.407258
7 5.407258
7 5.407258
7 5.407258
7 5.407258
7 5.407258
7 5.407258
7 5.385081
7 5.385081
7 5.385081
7 5.385081
7 5.385081
7 5.385081
7 5.385081
7 5.385081
7 5.385081
7 5.385081
7 5.385081
7 5.385081
7 5.385081
7 5.385081
7 5.381048
7 5.381048
7 5.381048
7 5.381048
7 5.381048
7 5.381048
7 5.381048
7 5.381048
7 5.381048
7 5.379032
7 5.379032
7 5.379032
7 5.379032
7 5.379032
7 5.379032
7 5.379032
7 5.379032
7 5.379032
7 5.379032
7 5.379032
7 5.379032
7 5.379032
7 5.379032
7 5.379032
7 5.379032
7 5.379032
7 5.379032
7 5.379032
7 5.379032
7 5.379032
7 5.379032
7 5.379032
7 5.379032
7 5.379032
7 5.379032
7 5.379032
7 5.379032
7 5.379032
7 5.379032
7 5.379032
7 5.379032
7 5.379032
7 5.379032
7 5.379032
7 5.379032
7 5.379032
7 5.379032
7 5.379032
7 5.379032
7 5.379032
7 5.379032
7 5.379032
7 5.379032
7 5.379032
7 5.379032
7 5.379032
7 5.379032
7 5.379032
7 5.379032
7 5.379032
7 5.379032
7 5.379032
7 5.379032
7 5.379032
7 5.379032
7 5.379032
7 5.379032
7 5.379032
7 5.379032
7 5.379032
7 5.379032
7 5.379032
7 5.379032
7 5.379032
7 5.379032
7 5.379032
7 5.379032
7 5.379032
7 5.379032
7 5.379032
7 5.379032
7 5.379032
7 5.379032
7 5.379032
7 5.379032
7 5.379032
7 5.379032
7 5.379032
7 5.379032
7 5.379032
7 5.379032
7 5.379032
7 5.379032
7 5.379032
7 5.379032
7 5.379032
7 5.379032
7 5.379032
7 5.379032
7 5.379032
7 5.379032
7 5.379032
7 5.379032
7 5.379032
7 5.379032
7 5.379032
7 5.379032
7 5.379032
7 5.379032
7 5.379032
7 5.379032
7 5.379032
7 5.379032
7 5.379032
7 5.379032
7 5.379032
7 5.379032
7 5.379032
7 5.379032
7 5.379032
7 5.379032
7 5.379032
7 5.379032
7 5.379032
7 5.379032
7 5.379032
7 5.379032
7 5.379032
7 5.379032
7 5.379032
7 5.379032
7 5.379032
7 5.379032
7 5.379032
7 5.379032
7 5.379032
7 5.379032
7 5.379032
7 5.379032
7 5.379032
7 5.364919
7 5.364919
7 5.364919
7 5.364919
7 5.364919
7 5.364919
7 5.364919
7 5.364919
7 5.364919
7 5.364919
7 5.364919
7 5.364919
7 5.364919
7 5.364919
7 5.364919
7 5.364919
7 5.364919
7 5.364919
7 5.364919
7 5.364919
7 5.364919
7 5.364919
7 5.364919
7 5.364919
7 5.364919
7 5.364919
7 5.364919
7 5.364919
7 5.364919
7 5.364919
7 5.360887
7 5.360887
7 5.360887
7 5.360887
7 5.360887
7 5.360887
7 5.360887
7 5.360887
7 5.360887
7 5.360887
7 5.360887
7 5.360887
7 5.360887
7 5.360887
7 5.358871
7 5.358871
7 5.358871
7 5.358871
7 5.358871
7 5.358871
7 5.358871
7 5.358871
7 5.358871
7 5.358871
7 5.358871
7 5.358871
7 5.358871
7 5.358871
7 5.358871
7 5.358871
7 5.358871
7 5.358871
7 5.358871
7 5.358871
7 5.358871
7 5.358871
7 5.358871
7 5.358871
7 5.358871
7 5.358871
7 5.358871
7 5.358871
7 5.358871
7 5.358871
7 5.358871
7 5.358871
7 5.358871
7 5.358871
7 5.358871
7 5.358871
7 5.358871
7 5.358871
7 5.358871
7 5.358871
7 5.358871
7 5.358871
7 5.358871
7 5.358871
7 5.358871
7 5.358871
7 5.358871
7 5.358871
7 5.358871
7 5.358871
7 5.358871
7 5.358871
7 5.358871
7 5.358871
7 5.358871
7 5.358871
7 5.358871
7 5.358871
7 5.358871
7 5.358871
7 5.358871
7 5.358871
7 5.358871
7 5.358871
7 5.358871
7 5.358871
7 5.358871
7 5.358871
7 5.358871
7 5.358871
7 5.358871
7 5.358871
7 5.358871
7 5.358871
7 5.358871
7 5.358871
7 5.358871
7 5.358871
7 5.358871
7 5.358871
7 5.358871
7 5.358871
7 5.358871
7 5.358871
7 5.358871
7 5.358871
7 5.358871
7 5.358871
7 5.358871
7 5.358871
7 5.358871
7 5.358871
7 5.358871
7 5.358871
7 5.358871
7 5.358871
7 5.358871
7 5.358871
7 5.358871
7 5.358871
7 5.358871
7 5.358871
7 5.358871
7 5.358871
7 5.358871
7 5.358871
7 5.358871
7 5.358871
7 5.358871
7 5.358871
7 5.358871
7 5.358871
7 5.358871
7 5.358871
7 5.350806
7 5.350806
7 5.350806
7 5.350806
7 5.350806
7 5.350806
7 5.350806
7 5.348790
7 5.348790
7 5.346774
7 5.346774
7 5.346774
7 5.346774
7 5.346774
7 5.346774
7 5.346774
7 5.346774
7 5.346774
7 5.346774
7 5.346774
7 5.346774
7 5.346774
7 5.346774
7 5.346774
7 5.346774
7 5.346774
7 5.346774
7 5.346774
7 5.346774
7 5.346774
7 5.346774
7 5.346774
7 5.346774
7 5.346774
7 5.346774
7 5.346774
7 5.346774
7 5.346774
7 5.346774
7 5.346774
7 5.346774
7 5.346774
7 5.346774
7 5.346774
7 5.346774
7 5.346774
7 5.346774
7 5.346774
7 5.346774
7 5.346774
7 5.346774
7 5.346774
7 5.346774
7 5.346774
7 5.346774
7 5.346774
7 5.346774
7 5.346774
7 5.346774
7 5.346774
7 5.346774
7 5.346774
7 5.346774
7 5.346774
7 5.346774
7 5.346774
7 5.346774
7 5.344758
7 5.344758
7 5.342742
7 5.342742
7 5.342742
7 5.342742
7 5.342742
7 5.342742
7 5.342742
7 5.342742
7 5.342742
7 5.342742
7 5.342742
7 5.342742
7 5.342742
7 5.342742
7 5.342742
7 5.342742
7 5.342742
7 5.342742
7 5.342742
7 5.342742
7 5.342742
7 5.342742
7 5.342742
7 5.342742
7 5.342742
7 5.342742
7 5.342742
7 5.342742
7 5.342742
7 5.342742
7 5.342742
7 5.342742
7 5.342742
7 5.342742
7 5.342742
7 5.342742
7 5.342742
7 5.342742
7 5.342742
7 5.342742
7 5.342742
7 5.342742
7 5.342742
7 5.342742
7 5.342742
7 5.342742
7 5.342742
7 5.342742
7 5.342742
7 5.342742
7 5.342742
7 5.342742
7 5.342742
7 5.342742
7 5.342742
7 5.342742
7 5.342742
7 5.342742
7 5.342742
7 5.342742
7 5.342742
7 5.342742
7 5.342742
7 5.342742
7 5.342742
7 5.342742
7 5.342742
7 5.342742
7 5.342742
7 5.342742
7 5.342742
7 5.342742
7 5.342742
7 5.342742
7 5.342742
7 5.342742
7 5.342742
7 5.342742
7 5.342742
7 5.342742
7 5.342742
7 5.342742
7 5.342742
7 5.342742
7 5.342742
7 5.342742
7 5.342742
7 5.342742
7 5.342742
7 5.342742
7 5.342742
7 5.342742
7 5.342742
7 5.342742
7 5.340726
7 5.340726
7 5.340726
7 5.340726
7 5.340726
7 5.340726
7 5.340726
7 5.340726
7 5.340726
7 5.340726
7 5.340726
7 5.340726
7 5.340726
7 5.340726
7 5.340726
7 5.340726
7 5.340726
7 5.340726
7 5.340726
7 5.340726
7 5.340726
7 5.340726
7 5.340726
7 5.340726
7 5.340726
7 5.340726
7 5.340726
7 5.340726
7 5.340726
7 5.340726
7 5.340726
7 5.340726
7 5.340726
7 5.340726
7 5.340726
7 5.340726
7 5.340726
7 5.340726
7 5.340726
7 5.340726
7 5.340726
7 5.340726
7 5.340726
7 5.340726
7 5.340726
7 5.340726
7 5.340726
7 5.340726
7 5.326613
7 5.326613
7 5.326613
7 5.326613
7 5.326613
7 5.326613
7 5.326613
7 5.326613
7 5.326613
7 5.326613
7 5.326613
7 5.326613
7 5.326613
7 5.326613
7 5.326613
7 5.326613
7 5.326613
7 5.326613
7 5.326613
7 5.326613
7 5.326613
7 5.326613
7 5.326613
7 5.326613
7 5.326613
7 5.326613
7 5.326613
7 5.326613
7 5.326613
7 5.326613
7 5.326613
7 5.326613
7 5.326613
7 5.326613
7 5.326613
7 5.326613
7 5.326613
7 5.326613
7 5.326613
7 5.326613
7 5.326613
7 5.326613
7 5.326613
7 5.326613
7 5.326613
7 5.326613
7 5.326613
7 5.326613
7 5.326613
7 5.326613
7 5.314516
7 5.314516
7 5.314516
7 5.314516
7 5.314516
7 5.314516
7 5.314516
7 5.314516
7 5.314516
7 5.314516
7 5.314516
7 5.310484
7 5.310484
7 5.310484
7 5.310484
7 5.310484
7 5.310484
7 5.310484
7 5.310484
7 5.310484
7 5.310484
7 5.310484
7 5.310484
7 5.310484
7 5.310484
7 5.310484
7 5.310484
7 5.310484
7 5.310484
7 5.310484
7 5.310484
7 5.310484
7 5.310484
7 5.310484
7 5.310484
7 5.310484
7 5.310484
7 5.310484
7 5.310484
7 5.310484
7 5.310484
7 5.310484
7 5.310484
7 5.310484
7 5.310484
7 5.310484
7 5.310484
7 5.310484
7 5.310484
7 5.310484
7 5.310484
7 5.310484
7 5.310484
7 5.310484
7 5.310484
7 5.310484
7 5.310484
7 5.310484
7 5.310484
7 5.310484
7 5.310484
7 5.310484
7 5.310484
7 5.310484
7 5.310484
7 5.310484
7 5.310484
7 5.310484
7 5.310484
7 5.310484
7 5.310484
7 5.310484
7 5.310484
7 5.310484
7 5.310484
7 5.310484
7 5.310484
7 5.310484
7 5.310484
7 5.310484
7 5.310484
7 5.310484
7 5.310484
7 5.310484
7 5.310484
7 5.310484
7 5.310484
7 5.310484
7 5.310484
7 5.310484
7 5.310484
7 5.310484
7 5.310484
7 5.310484
7 5.310484
7 5.310484
7 5.310484
7 5.310484
7 5.310484
7 5.310484
7 5.310484
7 5.310484
7 5.310484
7 5.310484
7 5.310484
7 5.306452
7 5.306452
7 5.306452
7 5.306452
7 5.306452
7 5.306452
7 5.306452
7 5.306452
7 5.306452
7 5.306452
7 5.306452
7 5.306452
7 5.306452
7 5.306452
7 5.306452
7 5.306452
7 5.306452
7 5.306452
7 5.306452
7 5.306452
7 5.306452
7 5.306452
7 5.306452
7 5.306452
7 5.306452
7 5.306452
7 5.306452
7 5.306452
7 5.306452
7 5.306452
7 5.306452
7 5.306452
7 5.306452
7 5.306452
7 5.306452
7 5.306452
7 5.306452
7 5.306452
7 5.306452
7 5.306452
7 5.306452
7 5.306452
7 5.306452
7 5.306452
7 5.306452
7 5.306452
7 5.306452
7 5.306452
7 5.306452
7 5.306452
7 5.306452
7 5.306452
7 5.306452
7 5.306452
7 5.306452
7 5.306452
7 5.306452
7 5.306452
7 5.306452
7 5.306452
7 5.306452
7 5.306452
7 5.306452
7 5.306452
7 5.306452
7 5.306452
7 5.306452
7 5.306452
7 5.306452
7 5.306452
7 5.306452
7 5.306452
7 5.306452
7 5.306452
7 5.306452
7 5.306452
7 5.306452
7 5.306452
7 5.306452
7 5.306452
7 5.306452
7 5.306452
7 5.306452
7 5.306452
7 5.306452
7 5.306452
7 5.306452
7 5.306452
7 5.306452
7 5.306452
7 5.306452
7 5.306452
7 5.306452
7 5.306452
7 5.306452
7 5.306452
7 5.306452
7 5.306452
7 5.306452
7 5.306452
7 5.306452
7 5.306452
7 5.306452
7 5.306452
7 5.306452
7 5.306452
7 5.306452
7 5.306452
7 5.306452
7 5.306452
7 5.306452
7 5.306452
7 5.306452
7 5.306452
7 5.306452
7 5.302419
7 5.302419
7 5.302419
7 5.302419
7 5.302419
7 5.302419
7 5.302419
7 5.302419
7 5.302419
7 5.302419
7 5.302419
7 5.302419
7 5.302419
7 5.302419
7 5.302419
7 5.302419
7 5.302419
7 5.302419
7 5.302419
7 5.302419
7 5.302419
7 5.302419
7 5.302419
7 5.302419
7 5.302419
7 5.302419
7 5.302419
7 5.302419
7 5.302419
7 5.302419
7 5.302419
7 5.302419
7 5.302419
7 5.302419
7 5.302419
7 5.302419
7 5.302419
7 5.302419
7 5.302419
7 5.302419
7 5.302419
7 5.302419
7 5.302419
7 5.302419
7 5.302419
7 5.302419
7 5.302419
7 5.302419
7 5.302419
7 5.302419
7 5.302419
7 5.302419
7 5.302419
7 5.302419
7 5.302419
7 5.302419
7 5.302419
7 5.302419
7 5.302419
7 5.302419
7 5.302419
7 5.302419
7 5.302419
7 5.302419
7 5.302419
7 5.302419
7 5.302419
7 5.302419
7 5.302419
7 5.302419
7 5.302419
7 5.302419
7 5.302419
7 5.302419
7 5.302419
7 5.302419
7 5.302419
7 5.302419
7 5.302419
7 5.302419
7 5.302419
7 5.302419
7 5.302419
7 5.302419
7 5.302419
7 5.302419
7 5.302419
7 5.302419
7 5.302419
7 5.302419
7 5.302419
7 5.302419
7 5.302419
7 5.302419
7 5.302419
7 5.302419
7 5.302419
7 5.302419
7 5.302419
7 5.302419
7 5.302419
7 5.302419
7 5.302419
7 5.302419
7 5.302419
7 5.302419
7 5.302419
7 5.302419
7 5.302419
7 5.302419
7 5.302419
7 5.302419
7 5.302419
7 5.302419
7 5.302419
7 5.302419
7 5.302419
7 5.302419
7 5.302419
7 5.302419
7 5.302419
7 5.302419
7 5.302419
7 5.302419
7 5.302419
7 5.302419
7 5.302419
7 5.302419
7 5.302419
7 5.302419
7 5.302419
7 5.302419
7 5.302419
7 5.302419
7 5.302419
7 5.302419
7 5.302419
7 5.302419
7 5.302419
7 5.302419
7 5.298387
7 5.298387
7 5.298387
7 5.298387
7 5.298387
7 5.298387
7 5.298387
7 5.298387
7 5.298387
7 5.298387
7 5.298387
7 5.298387
7 5.298387
7 5.298387
7 5.298387
7 5.298387
7 5.298387
7 5.298387
7 5.298387
7 5.298387
7 5.298387
7 5.298387
7 5.298387
7 5.298387
7 5.298387
7 5.298387
7 5.298387
7 5.298387
7 5.298387
7 5.298387
7 5.298387
7 5.298387
7 5.298387
7 5.298387
7 5.298387
7 5.298387
7 5.298387
7 5.298387
7 5.298387
7 5.298387
7 5.298387
7 5.298387
7 5.298387
7 5.298387
7 5.298387
7 5.298387
7 5.298387
7 5.298387
7 5.298387
7 5.298387
7 5.298387
7 5.298387
7 5.298387
7 5.298387
7 5.298387
7 5.298387
7 5.298387
7 5.298387
7 5.298387
7 5.298387
7 5.298387
7 5.298387
7 5.298387
7 5.298387
7 5.298387
7 5.298387
7 5.298387
7 5.298387
7 5.298387
7 5.298387
7 5.298387
7 5.298387
7 5.298387
7 5.298387
7 5.298387
7 5.298387
7 5.298387
7 5.298387
7 5.298387
7 5.298387
7 5.298387
7 5.298387
7 5.298387
7 5.298387
7 5.298387
7 5.298387
7 5.298387
7 5.298387
7 5.298387
7 5.298387
7 5.298387
7 5.298387
7 5.298387
7 5.298387
7 5.298387
7 5.298387
7 5.298387
7 5.298387
7 5.298387
7 5.298387
7 5.298387
7 5.298387
7 5.298387
7 5.298387
7 5.298387
7 5.298387
7 5.298387
7 5.298387
7 5.298387
7 5.298387
7 5.298387
7 5.298387
7 5.298387
7 5.298387
7 5.298387
7 5.298387
7 5.298387
7 5.298387
7 5.298387
7 5.298387
7 5.298387
7 5.298387
7 5.298387
7 5.298387
7 5.298387
7 5.298387
7 5.298387
7 5.298387
7 5.298387
7 5.298387
7 5.298387
7 5.298387
7 5.298387
7 5.298387
7 5.298387
7 5.298387
7 5.298387
7 5.298387
7 5.298387
7 5.298387
7 5.298387
7 5.298387
7 5.298387
7 5.298387
7 5.298387
7 5.298387
7 5.298387
7 5.298387
7 5.298387
7 5.298387
7 5.298387
7 5.298387
7 5.298387
7 5.298387
7 5.298387
7 5.298387
7 5.298387
7 5.298387
7 5.298387
7 5.298387
7 5.298387
7 5.298387
7 5.298387
7 5.298387
7 5.298387
7 5.298387
7 5.298387
7 5.298387
7 5.298387
7 5.298387
7 5.298387
7 5.298387
7 5.298387
7 5.298387
7 5.298387
7 5.298387
7 5.298387
7 5.298387
7 5.298387
7 5.298387
7 5.298387
7 5.298387
7 5.298387
7 5.298387
7 5.298387
7 5.298387
7 5.298387
7 5.298387
7 5.298387
7 5.298387
7 5.298387
7 5.298387
7 5.298387
7 5.298387
7 5.298387
7 5.298387
7 5.298387
7 5.298387
7 5.298387
7 5.298387
7 5.298387
7 5.298387
7 5.298387
7 5.298387
7 5.298387
7 5.298387
7 5.298387
7 5.298387
7 5.298387
7 5.298387
7 5.298387
7 5.298387
7 5.298387
7 5.298387
7 5.298387
7 5.298387
7 5.298387
7 5.298387
7 5.298387
7 5.298387
7 5.298387
7 5.298387
7 5.298387
7 5.298387
7 5.298387
7 5.298387
7 5.298387
7 5.298387
7 5.298387
7 5.298387
7 5.298387
7 5.298387
7 5.298387
7 5.298387
7 5.298387
7 5.298387
7 5.298387
7 5.298387
7 5.298387
7 5.298387
7 5.298387
7 5.298387
7 5.298387
7 5.298387
7 5.298387
7 5.298387
7 5.298387
7 5.298387
7 5.298387
7 5.298387
7 5.298387
7 5.298387
7 5.298387
7 5.298387
7 5.298387
7 5.298387
7 5.298387
7 5.298387
7 5.298387
7 5.298387
7 5.298387
7 5.298387
7 5.298387
7 5.298387
7 5.298387
7 5.298387
7 5.298387
7 5.298387
7 5.298387
7 5.294355
7 5.294355
7 5.294355
7 5.294355
7 5.294355
7 5.290323
7 5.290323
7 5.290323
7 5.290323
7 5.290323
7 5.290323
7 5.290323
7 5.290323
7 5.290323
7 5.290323
7 5.290323
7 5.290323
7 5.290323
7 5.290323
7 5.290323
7 5.290323
7 5.290323
7 5.290323
7 5.290323
7 5.290323
7 5.290323
7 5.290323
7 5.290323
7 5.290323
7 5.290323
7 5.290323
7 5.290323
7 5.290323
7 5.290323
7 5.290323
7 5.290323
7 5.290323
7 5.290323
7 5.290323
7 5.290323
7 5.290323
7 5.290323
7 5.290323
7 5.290323
7 5.290323
7 5.290323
7 5.290323
7 5.290323
7 5.290323
7 5.290323
7 5.290323
7 5.290323
7 5.290323
7 5.290323
7 5.290323
7 5.290323
7 5.290323
7 5.290323
7 5.290323
7 5.290323
7 5.290323
7 5.290323
7 5.290323
7 5.290323
7 5.290323
7 5.290323
7 5.290323
7 5.290323
7 5.290323
7 5.290323
7 5.290323
7 5.290323
7 5.290323
7 5.290323
7 5.290323
7 5.290323
7 5.290323
7 5.290323
7 5.290323
7 5.290323
7 5.290323
7 5.290323
7 5.290323
7 5.290323
7 5.290323
7 5.290323
7 5.290323
7 5.290323
7 5.290323
7 5.290323
7 5.290323
7 5.290323
7 5.290323
7 5.290323
7 5.290323
7 5.290323
7 5.290323
7 5.290323
7 5.290323
7 5.290323
7 5.290323
7 5.290323
7 5.290323
7 5.290323
7 5.290323
7 5.290323
7 5.290323
7 5.290323
7 5.290323
7 5.290323
7 5.290323
7 5.290323
7 5.290323
7 5.290323
7 5.290323
7 5.290323
7 5.290323
7 5.290323
7 5.290323
7 5.290323
7 5.290323
7 5.290323
7 5.290323
7 5.290323
7 5.290323
7 5.290323
7 5.290323
7 5.290323
7 5.286290
7 5.286290
7 5.286290
7 5.286290
7 5.286290
7 5.286290
7 5.286290
7 5.286290
7 5.286290
7 5.286290
7 5.286290
7 5.286290
7 5.286290
7 5.286290
7 5.286290
7 5.286290
7 5.286290
7 5.286290
7 5.286290
7 5.286290
7 5.286290
7 5.286290
7 5.286290
7 5.286290
7 5.286290
7 5.286290
7 5.286290
7 5.286290
7 5.286290
7 5.286290
7 5.280242
7 5.280242
7 5.280242
7 5.280242
7 5.280242
7 5.280242
7 5.280242
7 5.280242
7 5.280242
7 5.280242
7 5.280242
7 5.280242
7 5.280242
7 5.280242
7 5.280242
7 5.280242
7 5.280242
7 5.280242
7 5.280242
7 5.280242
7 5.280242
7 5.280242
7 5.280242
7 5.280242
7 5.280242
7 5.280242
7 5.280242
7 5.280242
7 5.280242
7 5.280242
7 5.280242
7 5.280242
7 5.280242
7 5.280242
7 5.280242
7 5.280242
7 5.280242
7 5.280242
7 5.280242
7 5.280242
7 5.280242
7 5.280242
7 5.280242
7 5.280242
7 5.280242
7 5.280242
7 5.280242
7 5.280242
7 5.280242
7 5.280242
7 5.280242
7 5.280242
7 5.280242
7 5.280242
7 5.280242
7 5.280242
7 5.280242
7 5.280242
7 5.280242
7 5.280242
7 5.280242
7 5.280242
7 5.278226
7 5.278226
7 5.278226
7 5.278226
7 5.278226
7 5.278226
7 5.278226
7 5.278226
7 5.278226
7 5.278226
7 5.278226
7 5.278226
7 5.278226
7 5.278226
7 5.278226
7 5.278226
7 5.278226
7 5.278226
7 5.278226
7 5.278226
7 5.278226
7 5.278226
7 5.278226
7 5.278226
7 5.278226
7 5.278226
7 5.278226
7 5.278226
7 5.278226
7 5.278226
7 5.278226
7 5.278226
7 5.278226
7 5.278226
7 5.278226
7 5.278226
7 5.278226
7 5.278226
7 5.278226
7 5.278226
7 5.278226
7 5.278226
7 5.278226
7 5.278226
7 5.278226
7 5.278226
7 5.278226
7 5.278226
7 5.278226
7 5.278226
7 5.278226
7 5.278226
7 5.278226
7 5.278226
7 5.278226
7 5.278226
7 5.278226
7 5.278226
7 5.278226
7 5.278226
7 5.278226
7 5.278226
7 5.278226
7 5.278226
7 5.278226
7 5.278226
7 5.278226
7 5.278226
7 5.278226
7 5.278226
7 5.278226
7 5.278226
7 5.278226
7 5.262097
7 5.262097
7 5.262097
7 5.262097
7 5.262097
7 5.262097
7 5.262097
7 5.262097
7 5.262097
7 5.262097
7 5.262097
7 5.262097
7 5.262097
7 5.262097
7 5.262097
7 5.262097
7 5.262097
7 5.262097
7 5.262097
7 5.262097
7 5.262097
7 5.262097
7 5.262097
7 5.262097
7 5.262097
7 5.262097
7 5.262097
7 5.262097
7 5.262097
7 5.262097
7 5.262097
7 5.262097
7 5.262097
7 5.262097
7 5.262097
7 5.262097
7 5.262097
7 5.262097
7 5.262097
7 5.262097
7 5.262097
7 5.262097
7 5.262097
7 5.262097
7 5.262097
7 5.262097
7 5.262097
7 5.262097
7 5.262097
7 5.262097
7 5.262097
7 5.262097
7 5.262097
7 5.262097
7 5.262097
7 5.262097
7 5.262097
7 5.262097
7 5.262097
7 5.262097
7 5.262097
7 5.262097
7 5.262097
7 5.262097
7 5.262097
7 5.262097
7 5.262097
7 5.262097
7 5.262097
7 5.262097
7 5.262097
7 5.262097
7 5.262097
7 5.262097
7 5.262097
7 5.262097
7 5.262097
7 5.262097
7 5.262097
7 5.262097
7 5.262097
7 5.262097
7 5.262097
7 5.262097
7 5.262097
7 5.262097
7 5.262097
7 5.262097
7 5.262097
7 5.262097
7 5.262097
7 5.262097
7 5.262097
7 5.262097
7 5.262097
7 5.262097
7 5.262097
7 5.262097
7 5.258065
7 5.258065
7 5.258065
7 5.258065
7 5.258065
7 5.258065
7 5.258065
7 5.258065
7 5.258065
7 5.258065
7 5.258065
7 5.258065
7 5.258065
7 5.258065
7 5.258065
7 5.258065
7 5.258065
7 5.258065
7 5.258065
7 5.258065
7 5.258065
7 5.258065
7 5.258065
7 5.258065
7 5.258065
7 5.258065
7 5.258065
7 5.258065
7 5.258065
7 5.258065
7 5.258065
7 5.258065
7 5.258065
7 5.258065
7 5.258065
7 5.258065
7 5.258065
7 5.258065
7 5.258065
7 5.258065
7 5.258065
7 5.258065
7 5.258065
7 5.258065
7 5.258065
7 5.258065
7 5.258065
7 5.258065
7 5.258065
7 5.258065
7 5.258065
7 5.258065
7 5.258065
7 5.258065
7 5.258065
7 5.258065
7 5.258065
7 5.258065
7 5.258065
7 5.258065
7 5.258065
7 5.258065
7 5.258065
7 5.258065
7 5.258065
7 5.258065
7 5.258065
7 5.258065
7 5.258065
7 5.258065
7 5.258065
7 5.258065
7 5.258065
7 5.258065
7 5.258065
7 5.258065
7 5.258065
7 5.258065
7 5.258065
7 5.258065
7 5.258065
7 5.258065
7 5.258065
7 5.258065
7 5.258065
7 5.258065
7 5.258065
7 5.258065
7 5.258065
7 5.258065
7 5.258065
7 5.258065
7 5.258065
7 5.258065
7 5.258065
7 5.258065
7 5.258065
7 5.258065
7 5.258065
7 5.258065
7 5.258065
7 5.258065
7 5.258065
7 5.258065
7 5.258065
7 5.258065
7 5.258065
7 5.258065
7 5.258065
7 5.258065
7 5.258065
7 5.258065
7 5.258065
7 5.258065
7 5.258065
7 5.258065
7 5.258065
7 5.258065
7 5.258065
7 5.258065
7 5.258065
7 5.258065
7 5.258065
7 5.258065
7 5.258065
7 5.258065
7 5.258065
7 5.258065
7 5.258065
7 5.258065
7 5.258065
7 5.258065
7 5.258065
7 5.258065
7 5.258065
7 5.258065
7 5.258065
7 5.258065
7 5.258065
7 5.258065
7 5.258065
7 5.258065
7 5.258065
7 5.258065
7 5.258065
7 5.258065
7 5.258065
7 5.258065
7 5.258065
7 5.258065
7 5.258065
7 5.258065
7 5.258065
7 5.258065
7 5.258065
7 5.258065
7 5.258065
7 5.258065
7 5.258065
7 5.258065
7 5.258065
7 5.258065
7 5.258065
7 5.258065
7 5.258065
7 5.258065
7 5.258065
7 5.258065
7 5.258065
7 5.258065
7 5.258065
7 5.258065
7 5.258065
7 5.258065
7 5.258065
7 5.258065
7 5.258065
7 5.258065
7 5.258065
7 5.258065
7 5.258065
7 5.258065
7 5.258065
7 5.258065
7 5.258065
7 5.258065
7 5.258065
7 5.258065
7 5.258065
7 5.258065
7 5.258065
7 5.258065
7 5.258065
7 5.258065
7 5.258065
7 5.258065
7 5.258065
7 5.258065
7 5.258065
7 5.258065
7 5.258065
7 5.258065
7 5.258065
7 5.258065
7 5.258065
7 5.258065
7 5.258065
7 5.258065
7 5.258065
7 5.258065
7 5.258065
7 5.258065
7 5.258065
7 5.258065
7 5.258065
7 5.258065
7 5.258065
7 5.258065
7 5.258065
7 5.258065
7 5.258065
7 5.258065
7 5.258065
7 5.258065
7 5.258065
7 5.258065
7 5.258065
7 5.258065
7 5.258065
7 5.258065
7 5.258065
7 5.258065
7 5.258065
7 5.258065
