type : directed2
s 42 h 80 r 6
counts 1965
7 4.826582
7 4.799684
7 4.774684
7 4.771835
6 4.753165
6 4.753165
6 4.753165
6 4.753165
6 4.745886
6 4.745886
6 4.745886
6 4.745886
6 4.745886
6 4.745886
6 4.738291
6 4.738291
6 4.738291
6 4.738291
6 4.738291
6 4.738291
6 4.738291
6 4.738291
6 4.738291
6 4.738291
6 4.737342
6 4.737342
6 4.737342
6 4.737342
6 4.737342
6 4.737342
6 4.737342
6 4.737342
6 4.737342
6 4.737342
6 4.737342
6 4.737342
6 4.737342
6 4.719620
6 4.719620
6 4.715506
6 4.715506
6 4.715506
6 4.715506
6 4.715506
6 4.715506
6 4.715506
6 4.715506
6 4.715506
6 4.712342
6 4.712342
6 4.707911
6 4.701899
6 4.701899
6 4.699367
6 4.699367
6 4.699367
6 4.699367
6 4.691139
6 4.691139
6 4.691139
6 4.691139
6 4.691139
6 4.691139
6 4.691139
6 4.691139
6 4.691139
6 4.691139
6 4.683861
6 4.676582
6 4.676582
6 4.676582
6 4.676582
6 4.676582
6 4.676582
6 4.676582
6 4.676582
6 4.676582
6 4.676582
6 4.676582
6 4.676582
6 4.676582
6 4.676582
6 4.676582
6 4.676582
6 4.676582
6 4.676582
6 4.676582
6 4.676582
6 4.676582
6 4.676582
6 4.676582
6 4.676582
6 4.676582
6 4.676582
6 4.676582
6 4.676582
6 4.676582
6 4.676582
6 4.676582
6 4.676582
6 4.676582
6 4.676582
6 4.676582
6 4.676582
6 4.676582
6 4.676582
6 4.676582
6 4.668354
6 4.668354
6 4.668354
6 4.668354
6 4.668354
6 4.668354
6 4.668354
6 4.668354
6 4.668354
6 4.668354
6 4.668354
6 4.668354
6 4.668354
6 4.668354
6 4.668354
6 4.668354
6 4.668354
6 4.668354
6 4.668354
6 4.665506
6 4.665506
6 4.665506
6 4.665506
6 4.665506
6 4.663291
6 4.663291
6 4.663291
6 4.663291
6 4.663291
6 4.663291
6 4.663291
6 4.663291
6 4.663291
6 4.663291
6 4.663291
6 4.663291
6 4.663291
6 4.663291
6 4.656329
6 4.656329
6 4.656329
6 4.656329
6 4.656329
6 4.656329
6 4.656329
6 4.656329
6 4.656329
6 4.656329
6 4.656329
6 4.656329
6 4.656329
6 4.656329
6 4.656329
6 4.656329
6 4.656329
6 4.656329
6 4.656329
6 4.656329
6 4.656329
6 4.656329
6 4.656329
6 4.656329
6 4.656329
6 4.656329
6 4.656329
6 4.656329
6 4.656329
6 4.656329
6 4.656329
6 4.656329
6 4.656329
6 4.656329
6 4.656329
6 4.656329
6 4.656329
6 4.656329
6 4.656329
6 4.656329
6 4.656329
6 4.656329
6 4.656329
6 4.656329
6 4.656329
6 4.656329
6 4.656329
6 4.656329
6 4.656329
6 4.656329
6 4.656329
6 4.656329
6 4.656329
6 4.656329
6 4.656329
6 4.656329
6 4.656329
6 4.656329
6 4.656329
6 4.656329
6 4.656329
6 4.656329
6 4.656329
6 4.656329
6 4.656329
6 4.656329
6 4.656329
6 4.656329
6 4.656329
6 4.656329
6 4.656329
6 4.656329
6 4.656329
6 4.656329
6 4.656329
6 4.656329
6 4.656329
6 4.656329
6 4.656329
6 4.656329
6 4.656329
6 4.656329
6 4.655696
6 4.655696
6 4.655696
6 4.655696
6 4.655696
6 4.655696
6 4.655696
6 4.655696
6 4.655696
6 4.655696
6 4.655696
6 4.655696
6 4.655696
6 4.655696
6 4.655696
6 4.655696
6 4.655696
6 4.655696
6 4.655696
6 4.655696
6 4.655696
6 4.655696
6 4.655696
6 4.655696
6 4.655696
6 4.655696
6 4.655696
6 4.655696
6 4.655696
6 4.655696
6 4.655696
6 4.655696
6 4.655696
6 4.655696
6 4.655696
6 4.655696
6 4.655063
6 4.655063
6 4.655063
6 4.655063
6 4.655063
6 4.655063
6 4.655063
6 4.655063
6 4.655063
6 4.655063
6 4.655063
6 4.655063
6 4.655063
6 4.655063
6 4.655063
6 4.655063
6 4.655063
6 4.655063
6 4.655063
6 4.655063
6 4.655063
6 4.655063
6 4.655063
6 4.655063
6 4.655063
6 4.655063
6 4.655063
6 4.655063
6 4.655063
6 4.655063
6 4.655063
6 4.655063
6 4.655063
6 4.655063
6 4.655063
6 4.655063
6 4.655063
6 4.655063
6 4.655063
6 4.655063
6 4.655063
6 4.655063
6 4.655063
6 4.655063
6 4.655063
6 4.655063
6 4.655063
6 4.655063
6 4.655063
6 4.655063
6 4.655063
6 4.655063
6 4.655063
6 4.655063
6 4.655063
6 4.655063
6 4.655063
6 4.655063
6 4.655063
6 4.655063
6 4.655063
6 4.655063
6 4.655063
6 4.655063
6 4.655063
6 4.653165
6 4.653165
6 4.653165
6 4.653165
6 4.653165
6 4.653165
6 4.653165
6 4.653165
6 4.653165
6 4.653165
6 4.653165
6 4.653165
6 4.653165
6 4.653165
6 4.653165
6 4.653165
6 4.653165
6 4.653165
6 4.653165
6 4.653165
6 4.653165
6 4.653165
6 4.653165
6 4.653165
6 4.653165
6 4.653165
6 4.653165
6 4.653165
6 4.653165
6 4.653165
6 4.653165
6 4.653165
6 4.653165
6 4.653165
6 4.653165
6 4.653165
6 4.653165
6 4.653165
6 4.653165
6 4.653165
6 4.653165
6 4.653165
6 4.653165
6 4.653165
6 4.653165
6 4.653165
6 4.653165
6 4.653165
6 4.653165
6 4.653165
6 4.653165
6 4.653165
6 4.653165
6 4.653165
6 4.653165
6 4.653165
6 4.653165
6 4.653165
6 4.653165
6 4.653165
6 4.653165
6 4.653165
6 4.653165
6 4.653165
6 4.653165
6 4.653165
6 4.653165
6 4.653165
6 4.653165
6 4.650316
6 4.650316
6 4.650316
6 4.650316
6 4.650316
6 4.650316
6 4.650316
6 4.650316
6 4.650316
6 4.650316
6 4.650316
6 4.650316
6 4.650316
6 4.650316
6 4.650316
6 4.650316
6 4.650316
6 4.650316
6 4.650316
6 4.650316
6 4.650316
6 4.650316
6 4.650316
6 4.650316
6 4.650316
6 4.650316
6 4.650316
6 4.650316
6 4.650316
6 4.650316
6 4.650316
6 4.650316
6 4.650316
6 4.650316
6 4.650316
6 4.650316
6 4.650316
6 4.650316
6 4.650316
6 4.650316
6 4.650316
6 4.650316
6 4.650316
6 4.650316
6 4.650316
6 4.650316
6 4.650316
6 4.650316
6 4.650316
6 4.650316
6 4.650316
6 4.650316
6 4.650316
6 4.650316
6 4.650316
6 4.650316
6 4.650316
6 4.650316
6 4.650316
6 4.650316
6 4.650316
6 4.650316
6 4.650316
6 4.650316
6 4.650316
6 4.650316
6 4.650316
6 4.650316
6 4.650316
6 4.650316
6 4.650316
6 4.650316
6 4.650316
6 4.650316
6 4.650316
6 4.650316
6 4.650316
6 4.650316
6 4.650316
6 4.650316
6 4.650316
6 4.650316
6 4.650316
6 4.650316
6 4.650316
6 4.650316
6 4.650316
6 4.650316
6 4.650316
6 4.650316
6 4.650316
6 4.650316
6 4.650316
6 4.650316
6 4.650316
6 4.649367
6 4.649367
6 4.649367
6 4.649367
6 4.649367
6 4.649367
6 4.649367
6 4.646519
6 4.646519
6 4.646519
6 4.646519
6 4.646519
6 4.646519
6 4.646519
6 4.646519
6 4.646519
6 4.646519
6 4.646519
6 4.646519
6 4.646519
6 4.646519
6 4.646519
6 4.646519
6 4.646519
6 4.646519
6 4.646519
6 4.646519
6 4.646519
6 4.646519
6 4.646519
6 4.646519
6 4.646519
6 4.638924
6 4.638924
6 4.638924
6 4.637658
6 4.637658
6 4.637658
6 4.637658
6 4.637658
6 4.637658
6 4.637658
6 4.637658
6 4.637658
6 4.637658
6 4.637658
6 4.637658
6 4.637658
6 4.637658
6 4.636392
6 4.636392
6 4.636392
6 4.636392
6 4.636392
6 4.636392
6 4.636392
6 4.636392
6 4.636392
6 4.636392
6 4.636392
6 4.636392
6 4.636392
6 4.636392
6 4.636392
6 4.636392
6 4.636392
6 4.636392
6 4.636392
6 4.636392
6 4.636392
6 4.636392
6 4.635759
6 4.635759
6 4.635759
6 4.635759
6 4.635759
6 4.635759
6 4.635759
6 4.635759
6 4.635759
6 4.635759
6 4.635759
6 4.635759
6 4.635759
6 4.635759
6 4.635759
6 4.635759
6 4.635759
6 4.635759
6 4.635759
6 4.634810
6 4.634810
6 4.634810
6 4.634810
6 4.634810
6 4.634810
6 4.634177
6 4.633228
6 4.633228
6 4.633228
6 4.633228
6 4.633228
6 4.633228
6 4.633228
6 4.633228
6 4.633228
6 4.633228
6 4.633228
6 4.633228
6 4.633228
6 4.633228
6 4.633228
6 4.633228
6 4.633228
6 4.633228
6 4.633228
6 4.633228
6 4.633228
6 4.633228
6 4.633228
6 4.633228
6 4.633228
6 4.633228
6 4.633228
6 4.633228
6 4.631646
6 4.631646
6 4.631646
6 4.631646
6 4.631646
6 4.631646
6 4.631646
6 4.631646
6 4.631646
6 4.631646
6 4.631646
6 4.631646
6 4.631646
6 4.625000
6 4.625000
6 4.625000
6 4.625000
6 4.625000
6 4.625000
6 4.625000
6 4.625000
6 4.625000
6 4.625000
6 4.625000
6 4.625000
6 4.625000
6 4.625000
6 4.625000
6 4.625000
6 4.625000
6 4.625000
6 4.625000
6 4.625000
6 4.625000
6 4.625000
6 4.625000
6 4.625000
6 4.625000
6 4.625000
6 4.625000
6 4.624684
6 4.624684
6 4.624684
6 4.624684
6 4.624684
6 4.624684
6 4.624684
6 4.624684
6 4.624684
6 4.624684
6 4.624684
6 4.624684
6 4.624684
6 4.624684
6 4.624684
6 4.624684
6 4.624684
6 4.624684
6 4.623101
6 4.623101
6 4.623101
6 4.623101
6 4.623101
6 4.623101
6 4.623101
6 4.623101
6 4.623101
6 4.623101
6 4.623101
6 4.623101
6 4.623101
6 4.623101
6 4.623101
6 4.623101
6 4.623101
6 4.623101
6 4.623101
6 4.623101
6 4.623101
6 4.623101
6 4.623101
6 4.623101
6 4.623101
6 4.623101
6 4.623101
6 4.623101
6 4.623101
6 4.623101
6 4.623101
6 4.623101
6 4.623101
6 4.623101
6 4.623101
6 4.623101
6 4.623101
6 4.623101
6 4.623101
6 4.623101
6 4.623101
6 4.623101
6 4.623101
6 4.622468
6 4.622468
6 4.622468
6 4.622468
6 4.622468
6 4.622468
6 4.622468
6 4.622468
6 4.622468
6 4.622468
6 4.622468
6 4.622468
6 4.622468
6 4.622468
6 4.622468
6 4.622468
6 4.622468
6 4.622468
6 4.622468
6 4.622468
6 4.622468
6 4.622468
6 4.622468
6 4.622468
6 4.622468
6 4.622468
6 4.622468
6 4.622468
6 4.622468
6 4.622468
6 4.622468
6 4.622468
6 4.622468
6 4.622468
6 4.622468
6 4.622468
6 4.622468
6 4.622468
6 4.622468
6 4.622468
6 4.622468
6 4.622468
6 4.622468
6 4.622468
6 4.622468
6 4.622468
6 4.622468
6 4.622468
6 4.622468
6 4.622468
6 4.622468
6 4.622468
6 4.622468
6 4.622468
6 4.622468
6 4.622468
6 4.622468
6 4.622468
6 4.622468
6 4.622468
6 4.622468
6 4.622468
6 4.622468
6 4.622468
6 4.622468
6 4.622468
6 4.622468
6 4.622468
6 4.622468
6 4.622468
6 4.622468
6 4.622468
6 4.622468
6 4.622468
6 4.622468
6 4.622468
6 4.622468
6 4.622468
6 4.622468
6 4.622468
6 4.622468
6 4.622468
6 4.622468
6 4.622468
6 4.622468
6 4.622468
6 4.622468
6 4.622468
6 4.622468
6 4.622468
6 4.622468
6 4.622468
6 4.622468
6 4.622468
6 4.622468
6 4.622468
6 4.622468
6 4.622468
6 4.622468
6 4.622468
6 4.622468
6 4.622468
6 4.622468
6 4.620253
6 4.620253
6 4.620253
6 4.620253
6 4.620253
6 4.620253
6 4.620253
6 4.620253
6 4.620253
6 4.620253
6 4.620253
6 4.620253
6 4.620253
6 4.620253
6 4.620253
6 4.620253
6 4.620253
6 4.620253
6 4.620253
6 4.620253
6 4.620253
6 4.620253
6 4.620253
6 4.620253
6 4.620253
6 4.620253
6 4.620253
6 4.620253
6 4.620253
6 4.620253
6 4.620253
6 4.620253
6 4.620253
6 4.620253
6 4.620253
6 4.620253
6 4.620253
6 4.620253
6 4.620253
6 4.620253
6 4.620253
6 4.620253
6 4.620253
6 4.620253
6 4.620253
6 4.620253
6 4.620253
6 4.620253
6 4.620253
6 4.620253
6 4.620253
6 4.620253
6 4.620253
6 4.620253
6 4.620253
6 4.620253
6 4.620253
6 4.620253
6 4.620253
6 4.620253
6 4.620253
6 4.620253
6 4.620253
6 4.620253
6 4.620253
6 4.618987
6 4.618987
6 4.618987
6 4.618987
6 4.618987
6 4.618987
6 4.618987
6 4.618987
6 4.618987
6 4.618987
6 4.618987
6 4.618987
6 4.618987
6 4.618987
6 4.618987
6 4.618987
6 4.618987
6 4.618987
6 4.618987
6 4.618987
6 4.612658
6 4.612658
6 4.612658
6 4.612658
6 4.612658
6 4.612658
6 4.612658
6 4.612658
6 4.612658
6 4.612658
6 4.612658
6 4.612658
6 4.612658
6 4.612658
6 4.612658
6 4.612658
6 4.612658
6 4.612658
6 4.612658
6 4.612658
6 4.612658
6 4.612658
6 4.612658
6 4.612658
6 4.612658
6 4.612658
6 4.612658
6 4.612658
6 4.612658
6 4.612658
6 4.612658
6 4.612658
6 4.612658
6 4.612658
6 4.612658
6 4.612658
6 4.612658
6 4.612658
6 4.612658
6 4.612658
6 4.612658
6 4.612658
6 4.612658
6 4.612658
6 4.612658
6 4.612658
6 4.612658
6 4.612658
6 4.612658
6 4.612658
6 4.612658
6 4.612658
6 4.612658
6 4.612658
6 4.612658
6 4.612658
6 4.612658
6 4.612658
6 4.612658
6 4.612658
6 4.612658
6 4.612658
6 4.612658
6 4.612658
6 4.612658
6 4.612658
6 4.612658
6 4.612658
6 4.612658
6 4.612658
6 4.612658
6 4.612658
6 4.612658
6 4.604747
6 4.604747
6 4.604747
6 4.604747
6 4.604747
6 4.604747
6 4.604747
6 4.604747
6 4.604747
6 4.604747
6 4.604747
6 4.604747
6 4.604747
6 4.604747
6 4.604747
6 4.604747
6 4.604747
6 4.604747
6 4.604747
6 4.604747
6 4.604747
6 4.604747
6 4.604747
6 4.604747
6 4.604747
6 4.604747
6 4.604747
6 4.604747
6 4.604747
6 4.604747
6 4.604747
6 4.604747
6 4.604747
6 4.604747
6 4.604747
6 4.604747
6 4.604747
6 4.604747
6 4.604747
6 4.604747
6 4.604747
6 4.604747
6 4.604747
6 4.604747
6 4.604747
6 4.604747
6 4.604747
6 4.604747
6 4.604747
6 4.604747
6 4.604747
6 4.604747
6 4.604747
6 4.604747
6 4.604747
6 4.604747
6 4.604747
6 4.604747
6 4.604747
6 4.604747
6 4.604747
6 4.604747
6 4.604747
6 4.604747
6 4.604747
6 4.604747
6 4.604747
6 4.604747
6 4.604747
6 4.604747
6 4.604747
6 4.604747
6 4.604747
6 4.604747
6 4.604747
6 4.604747
6 4.604747
6 4.604747
6 4.604747
6 4.604747
6 4.604747
6 4.604747
6 4.604747
6 4.604747
6 4.604747
6 4.604747
6 4.604747
6 4.604747
6 4.604747
6 4.604747
6 4.604747
6 4.604747
6 4.604747
6 4.604747
6 4.604747
6 4.604747
6 4.604747
6 4.604747
6 4.604747
6 4.604747
6 4.604747
6 4.604747
6 4.604747
6 4.604747
6 4.604747
6 4.604747
6 4.604747
6 4.604747
6 4.604747
6 4.604747
6 4.604747
6 4.604747
6 4.604747
6 4.604747
6 4.604747
6 4.604747
6 4.604747
6 4.604747
6 4.603481
6 4.603481
6 4.603481
6 4.603481
6 4.603481
6 4.603481
6 4.603481
6 4.603481
6 4.603481
6 4.603481
6 4.603481
6 4.603481
6 4.603481
6 4.603481
6 4.603481
6 4.603481
6 4.603481
6 4.603481
6 4.603481
6 4.603481
6 4.603481
6 4.603481
6 4.603481
6 4.603481
6 4.603481
6 4.603481
6 4.603481
6 4.603481
6 4.603481
6 4.603481
6 4.603481
6 4.603481
6 4.603481
6 4.603481
6 4.603481
6 4.603481
6 4.603481
6 4.603481
6 4.603481
6 4.603481
6 4.603481
6 4.603481
6 4.603481
6 4.603481
6 4.603481
6 4.603481
6 4.603481
6 4.603481
6 4.603481
6 4.603481
6 4.603481
6 4.603481
6 4.603481
6 4.603481
6 4.603481
6 4.603481
6 4.603481
6 4.603481
6 4.603481
6 4.603481
6 4.603481
6 4.603481
6 4.603481
6 4.603481
6 4.603481
6 4.603481
6 4.603481
6 4.603481
6 4.603481
6 4.603481
6 4.603481
6 4.603481
6 4.603481
6 4.603481
6 4.603481
6 4.603481
6 4.603481
6 4.603481
6 4.603481
6 4.603481
6 4.603481
6 4.603481
6 4.603481
6 4.603481
6 4.603481
6 4.603481
6 4.603481
6 4.603481
6 4.603481
6 4.603481
6 4.603481
6 4.603481
6 4.603481
6 4.603481
6 4.603481
6 4.603481
6 4.603481
6 4.603481
6 4.603481
6 4.603481
6 4.603481
6 4.603481
6 4.603481
6 4.603481
6 4.603481
6 4.603481
6 4.603481
6 4.603481
6 4.603481
6 4.603481
6 4.603481
6 4.603481
6 4.603481
6 4.603481
6 4.603481
6 4.603481
6 4.603481
6 4.603481
6 4.603481
6 4.603481
6 4.603481
6 4.603481
6 4.603481
6 4.603481
6 4.603481
6 4.603481
6 4.603481
6 4.603481
6 4.603481
6 4.603481
6 4.603481
6 4.603481
6 4.603481
6 4.603481
6 4.603481
6 4.603481
6 4.603481
6 4.603481
6 4.603481
6 4.603481
6 4.603481
6 4.603481
6 4.603481
6 4.603481
6 4.603481
6 4.603481
6 4.603481
6 4.603481
6 4.603481
6 4.603481
6 4.603481
6 4.603481
6 4.603481
6 4.603481
6 4.603481
6 4.603481
6 4.603481
6 4.603481
6 4.603481
6 4.603481
6 4.603481
6 4.603481
6 4.603481
6 4.603481
6 4.603481
6 4.603481
6 4.603481
6 4.603481
6 4.603481
6 4.603481
6 4.603481
6 4.603481
6 4.603481
6 4.603481
6 4.603481
6 4.603481
6 4.603481
6 4.603481
6 4.603481
6 4.603481
6 4.603481
6 4.603481
6 4.603481
6 4.603481
6 4.603481
6 4.603481
6 4.603481
6 4.603481
6 4.603481
6 4.603481
6 4.603481
6 4.603481
6 4.603481
6 4.603481
6 4.603481
6 4.603481
6 4.603481
6 4.603481
6 4.603481
6 4.603481
6 4.603481
6 4.603481
6 4.603481
6 4.603481
6 4.603481
6 4.603481
6 4.603481
6 4.603481
6 4.603481
6 4.603481
6 4.603481
6 4.603481
6 4.603481
6 4.603481
6 4.603481
6 4.603481
6 4.603481
6 4.603481
6 4.603481
6 4.603481
6 4.603481
6 4.603481
6 4.603481
6 4.603481
6 4.603481
6 4.603481
6 4.603481
6 4.603481
6 4.603481
6 4.603481
6 4.603481
6 4.603481
6 4.603481
6 4.603481
6 4.603481
6 4.603481
6 4.603481
6 4.603481
6 4.603481
6 4.603481
6 4.603481
6 4.603481
6 4.603481
6 4.603481
6 4.603481
6 4.603481
6 4.603481
6 4.603481
6 4.603481
6 4.603481
6 4.603481
6 4.603481
6 4.603481
6 4.599684
6 4.599684
6 4.599684
6 4.599684
6 4.599684
6 4.599684
6 4.599684
6 4.599684
6 4.599684
6 4.599684
6 4.599684
6 4.599684
6 4.599684
6 4.599684
6 4.599684
6 4.599684
6 4.599684
6 4.599684
6 4.599684
6 4.599684
6 4.599684
6 4.599684
6 4.599684
6 4.599684
6 4.599684
6 4.599684
6 4.599684
6 4.599684
6 4.599684
6 4.599684
6 4.599684
6 4.599684
6 4.599684
6 4.599684
6 4.599684
6 4.599684
6 4.599684
6 4.599684
6 4.599684
6 4.599684
6 4.599684
6 4.599684
6 4.599684
6 4.599684
6 4.599684
6 4.599684
6 4.599684
6 4.599684
6 4.599684
6 4.599684
6 4.595570
6 4.595570
6 4.595570
6 4.595570
6 4.595570
6 4.595570
6 4.595570
6 4.595570
6 4.595570
6 4.595570
6 4.595570
6 4.595570
6 4.595570
6 4.595570
6 4.595570
6 4.595570
6 4.595570
6 4.595570
6 4.595570
6 4.595570
6 4.595570
6 4.595570
6 4.595570
6 4.595570
6 4.595570
6 4.595570
6 4.595570
6 4.595570
6 4.595570
6 4.595570
6 4.595570
6 4.595570
6 4.595570
6 4.595570
6 4.595570
6 4.595570
6 4.595570
6 4.595570
6 4.595570
6 4.595570
6 4.595570
6 4.595570
6 4.595570
6 4.595570
6 4.595570
6 4.595570
6 4.595570
6 4.595570
6 4.595570
6 4.595570
6 4.595570
6 4.595570
6 4.595570
6 4.595570
6 4.595570
6 4.595570
6 4.595570
6 4.595570
6 4.595570
6 4.595570
6 4.595570
6 4.595570
6 4.595570
6 4.595570
6 4.595570
6 4.595570
6 4.595570
6 4.595570
6 4.595570
6 4.595570
6 4.595570
6 4.595570
6 4.595570
6 4.595570
6 4.595570
6 4.595570
6 4.595570
6 4.595570
6 4.595570
6 4.595570
6 4.595570
6 4.595570
6 4.595570
6 4.595570
6 4.595570
6 4.595570
6 4.595570
6 4.595570
6 4.595570
6 4.595570
6 4.595570
6 4.595570
6 4.595570
6 4.595570
6 4.595570
6 4.595570
6 4.595570
6 4.595570
6 4.595570
6 4.595570
6 4.595570
6 4.595570
6 4.595570
6 4.595570
6 4.595570
6 4.595570
6 4.595570
6 4.595570
6 4.595570
6 4.595570
6 4.595570
6 4.595570
6 4.595570
6 4.595570
6 4.595570
6 4.595570
6 4.595570
6 4.594620
6 4.594620
6 4.594620
6 4.594620
6 4.594620
6 4.594620
6 4.594620
6 4.594620
6 4.594620
6 4.594620
6 4.594620
6 4.594620
6 4.594620
6 4.594620
6 4.594620
6 4.594620
6 4.594620
6 4.594620
6 4.594620
6 4.594620
6 4.594620
6 4.594620
6 4.594620
6 4.594620
6 4.594620
6 4.593354
6 4.593354
6 4.593354
6 4.593354
6 4.593354
6 4.593354
6 4.593354
6 4.590506
6 4.590506
6 4.590506
6 4.590506
6 4.590506
6 4.590506
6 4.590506
6 4.590506
6 4.590506
6 4.590506
6 4.590506
6 4.590506
6 4.590506
6 4.590506
6 4.590506
6 4.590506
6 4.590506
6 4.590506
6 4.590506
6 4.590506
6 4.590506
6 4.590506
6 4.590506
6 4.590506
6 4.590506
6 4.590506
6 4.590506
6 4.590506
6 4.590506
6 4.590506
6 4.590506
6 4.590506
6 4.590506
6 4.590506
6 4.590506
6 4.590506
6 4.590506
6 4.590506
6 4.590506
6 4.590506
6 4.590506
6 4.590506
6 4.590506
6 4.590506
6 4.590506
6 4.590506
6 4.590506
6 4.590506
6 4.590506
6 4.590506
6 4.590506
6 4.590506
6 4.590506
6 4.590506
6 4.590506
6 4.590506
6 4.590506
6 4.590506
6 4.590506
6 4.590506
6 4.590506
6 4.590506
6 4.590506
6 4.590506
6 4.590506
6 4.590506
6 4.590506
6 4.590506
6 4.590506
6 4.590506
6 4.590506
6 4.590506
6 4.590506
6 4.590506
6 4.590506
6 4.590506
6 4.590506
6 4.590506
6 4.590506
6 4.590506
6 4.590506
6 4.590506
6 4.590506
6 4.590506
6 4.590506
6 4.590506
6 4.590506
6 4.590506
6 4.590506
6 4.590506
6 4.590506
6 4.590506
6 4.590506
6 4.590506
6 4.590506
6 4.590506
6 4.590506
6 4.590506
6 4.590506
6 4.590506
6 4.590506
6 4.590506
6 4.590506
6 4.590506
6 4.590506
6 4.590506
6 4.590506
6 4.590506
6 4.590506
6 4.590506
6 4.590506
6 4.590506
6 4.590506
6 4.590506
6 4.590506
6 4.590506
6 4.590506
6 4.590506
6 4.590506
6 4.590506
6 4.590506
6 4.590506
6 4.590506
6 4.590506
6 4.590506
6 4.590506
6 4.590506
6 4.590506
6 4.590506
6 4.590506
6 4.590506
6 4.590506
6 4.590506
6 4.590506
6 4.590506
6 4.590506
6 4.590506
6 4.590506
6 4.590506
6 4.590506
6 4.590506
6 4.590506
6 4.590506
6 4.590506
6 4.590506
6 4.590506
6 4.590506
6 4.590506
6 4.590506
6 4.590506
6 4.590506
6 4.590506
6 4.590506
6 4.590506
6 4.590506
6 4.590506
6 4.590506
6 4.590506
6 4.590506
6 4.590506
6 4.590506
6 4.590506
6 4.590506
6 4.590506
6 4.590506
6 4.590506
6 4.590506
6 4.590506
6 4.590506
6 4.590506
6 4.590506
6 4.590506
6 4.590506
6 4.590506
6 4.590506
6 4.590506
6 4.590506
6 4.590506
6 4.590506
6 4.590506
6 4.590506
6 4.590506
6 4.590506
6 4.590506
6 4.590506
6 4.590506
6 4.590506
6 4.590506
6 4.590506
6 4.590506
6 4.590506
6 4.590506
6 4.590506
6 4.590506
6 4.590506
6 4.590506
6 4.590506
6 4.590506
6 4.590506
6 4.590506
6 4.590506
6 4.590506
6 4.590506
6 4.590506
6 4.590506
6 4.590506
6 4.590506
6 4.590506
6 4.590506
6 4.590506
6 4.590506
6 4.590506
6 4.590506
6 4.590506
6 4.590506
6 4.590506
6 4.590506
6 4.590506
6 4.590506
6 4.590506
6 4.590506
6 4.590506
6 4.590506
6 4.590506
6 4.590506
6 4.590506
6 4.590506
6 4.590506
6 4.590506
6 4.590506
6 4.590506
6 4.590506
6 4.590506
6 4.590506
6 4.590506
6 4.590506
6 4.590506
6 4.590506
6 4.590506
6 4.590506
6 4.590506
6 4.590506
6 4.590506
6 4.590506
6 4.590506
6 4.590506
6 4.590506
6 4.590506
6 4.590506
6 4.590506
6 4.590506
6 4.590506
6 4.590506
6 4.590506
6 4.590506
6 4.590506
6 4.590506
6 4.590506
6 4.590506
6 4.590506
6 4.590506
6 4.590506
6 4.590506
6 4.590506
6 4.590506
6 4.590506
6 4.590506
6 4.590506
6 4.590506
6 4.590506
6 4.590506
6 4.590506
6 4.590506
6 4.590506
6 4.590506
6 4.590506
6 4.590506
6 4.590506
6 4.590506
6 4.590506
6 4.590506
6 4.590506
6 4.590506
6 4.590506
6 4.590506
6 4.590506
6 4.590506
6 4.590506
6 4.590506
6 4.590506
6 4.590506
6 4.590506
6 4.590506
6 4.590506
6 4.590506
6 4.590506
6 4.590506
6 4.590506
6 4.590506
6 4.590506
6 4.590506
6 4.590506
6 4.590506
6 4.590506
6 4.590506
6 4.590506
6 4.590506
6 4.590506
6 4.590506
6 4.590506
6 4.590506
6 4.590506
6 4.590506
6 4.590506
6 4.590506
6 4.590506
6 4.590506
6 4.590506
6 4.590506
6 4.590506
6 4.590506
6 4.590506
6 4.590506
6 4.590506
6 4.590506
6 4.590506
6 4.590506
6 4.590506
6 4.590506
6 4.590506
6 4.590506
6 4.590506
6 4.590506
6 4.590506
6 4.590506
6 4.590506
6 4.590506
6 4.590506
6 4.590506
6 4.590506
6 4.590506
6 4.590506
6 4.590506
6 4.590506
6 4.590506
6 4.590506
6 4.590506
6 4.590506
6 4.590506
6 4.590506
6 4.590506
6 4.590506
6 4.590506
6 4.590506
6 4.590506
6 4.590506
6 4.590506
6 4.590506
6 4.590506
6 4.590506
6 4.590506
6 4.590506
6 4.590506
6 4.590506
6 4.590506
6 4.590506
6 4.590506
6 4.590506
6 4.590506
6 4.590506
6 4.590506
6 4.590506
6 4.590506
6 4.590506
6 4.590506
6 4.590506
6 4.590506
6 4.590506
6 4.590506
6 4.590506
6 4.590506
6 4.590506
6 4.590506
6 4.590506
6 4.590506
6 4.590506
6 4.590506
6 4.590506
6 4.590506
6 4.590506
6 4.590506
6 4.590506
6 4.590506
6 4.590506
6 4.590506
6 4.590506
6 4.590506
6 4.590506
6 4.590506
6 4.590506
6 4.590506
6 4.590506
6 4.590506
6 4.590506
6 4.590506
6 4.590506
6 4.590506
6 4.590506
6 4.590506
6 4.590506
6 4.590506
6 4.590506
6 4.590506
6 4.590506
6 4.590506
6 4.590506
