type : directed1
s 36 h 80 r 6
counts 2255
7 4.905063
7 4.905063
7 4.905063
7 4.900316
7 4.859810
7 4.834810
7 4.818354
7 4.781013
7 4.781013
7 4.776582
7 4.764241
6 4.761076
6 4.761076
6 4.761076
6 4.761076
6 4.761076
6 4.761076
6 4.761076
6 4.761076
6 4.759810
6 4.753165
6 4.753165
6 4.753165
6 4.753165
6 4.753165
6 4.753165
6 4.753165
6 4.753165
6 4.753165
6 4.753165
6 4.753165
6 4.753165
6 4.753165
6 4.753165
6 4.752848
6 4.750316
6 4.750316
6 4.750316
6 4.750316
6 4.750316
6 4.750316
6 4.750316
6 4.750316
6 4.750316
6 4.750316
6 4.750316
6 4.750316
6 4.750316
6 4.747468
6 4.747468
6 4.747468
6 4.747468
6 4.747468
6 4.743671
6 4.741772
6 4.741772
6 4.741772
6 4.741772
6 4.741772
6 4.741772
6 4.741772
6 4.741772
6 4.741772
6 4.741772
6 4.741772
6 4.741772
6 4.741772
6 4.741772
6 4.741772
6 4.741772
6 4.741772
6 4.741772
6 4.741772
6 4.741772
6 4.741772
6 4.741772
6 4.741772
6 4.741772
6 4.741772
6 4.741772
6 4.741772
6 4.741772
6 4.741772
6 4.741772
6 4.741772
6 4.741772
6 4.741772
6 4.741772
6 4.741772
6 4.741772
6 4.741772
6 4.741772
6 4.741772
6 4.741772
6 4.741772
6 4.741772
6 4.741772
6 4.741772
6 4.741772
6 4.741772
6 4.741772
6 4.741772
6 4.741772
6 4.741772
6 4.741772
6 4.741772
6 4.741772
6 4.741772
6 4.725316
6 4.725316
6 4.725316
6 4.725316
6 4.725316
6 4.725316
6 4.725316
6 4.725316
6 4.725316
6 4.725316
6 4.725316
6 4.725316
6 4.725316
6 4.725316
6 4.725316
6 4.725316
6 4.725316
6 4.725316
6 4.725316
6 4.725316
6 4.725316
6 4.725316
6 4.725316
6 4.725316
6 4.725316
6 4.725316
6 4.725316
6 4.725316
6 4.725316
6 4.725316
6 4.725316
6 4.725316
6 4.725316
6 4.725316
6 4.725316
6 4.725316
6 4.725316
6 4.725316
6 4.725316
6 4.725316
6 4.725316
6 4.725316
6 4.725316
6 4.725316
6 4.725316
6 4.725316
6 4.725316
6 4.725316
6 4.725316
6 4.725316
6 4.725316
6 4.725316
6 4.725316
6 4.725316
6 4.725316
6 4.725316
6 4.725316
6 4.725316
6 4.725316
6 4.725316
6 4.725316
6 4.725316
6 4.725316
6 4.725316
6 4.725316
6 4.725316
6 4.725316
6 4.725316
6 4.723101
6 4.723101
6 4.723101
6 4.717405
6 4.717405
6 4.717405
6 4.717405
6 4.717405
6 4.717405
6 4.717405
6 4.717405
6 4.717405
6 4.717405
6 4.717405
6 4.717405
6 4.717405
6 4.717405
6 4.717405
6 4.717405
6 4.717405
6 4.717405
6 4.717405
6 4.717405
6 4.717405
6 4.717405
6 4.717405
6 4.717405
6 4.717405
6 4.717405
6 4.717405
6 4.717405
6 4.717405
6 4.717405
6 4.717405
6 4.717405
6 4.717405
6 4.717405
6 4.717405
6 4.717405
6 4.717405
6 4.717405
6 4.717405
6 4.717405
6 4.717405
6 4.717405
6 4.717405
6 4.717405
6 4.717405
6 4.717405
6 4.717405
6 4.717405
6 4.717405
6 4.717405
6 4.712975
6 4.712975
6 4.712658
6 4.712658
6 4.712658
6 4.712658
6 4.712658
6 4.712658
6 4.712658
6 4.712658
6 4.712658
6 4.712658
6 4.712658
6 4.712658
6 4.712658
6 4.707278
6 4.707278
6 4.707278
6 4.707278
6 4.707278
6 4.707278
6 4.707278
6 4.707278
6 4.707278
6 4.707278
6 4.707278
6 4.707278
6 4.707278
6 4.707278
6 4.707278
6 4.707278
6 4.707278
6 4.707278
6 4.707278
6 4.707278
6 4.707278
6 4.707278
6 4.707278
6 4.707278
6 4.707278
6 4.707278
6 4.707278
6 4.707278
6 4.707278
6 4.707278
6 4.707278
6 4.707278
6 4.707278
6 4.707278
6 4.707278
6 4.707278
6 4.707278
6 4.707278
6 4.707278
6 4.707278
6 4.707278
6 4.707278
6 4.707278
6 4.707278
6 4.707278
6 4.707278
6 4.707278
6 4.707278
6 4.707278
6 4.707278
6 4.707278
6 4.705696
6 4.701899
6 4.701899
6 4.701899
6 4.701899
6 4.701899
6 4.701899
6 4.696835
6 4.696835
6 4.696835
6 4.696835
6 4.696835
6 4.696835
6 4.696835
6 4.696835
6 4.696835
6 4.696835
6 4.696835
6 4.696835
6 4.696835
6 4.696835
6 4.696835
6 4.696835
6 4.696835
6 4.696835
6 4.696835
6 4.696835
6 4.696835
6 4.696835
6 4.696835
6 4.696835
6 4.696835
6 4.696835
6 4.696835
6 4.696835
6 4.696835
6 4.696835
6 4.695253
6 4.695253
6 4.695253
6 4.695253
6 4.695253
6 4.695253
6 4.695253
6 4.695253
6 4.695253
6 4.695253
6 4.695253
6 4.695253
6 4.695253
6 4.695253
6 4.695253
6 4.695253
6 4.695253
6 4.695253
6 4.695253
6 4.695253
6 4.695253
6 4.695253
6 4.695253
6 4.695253
6 4.695253
6 4.695253
6 4.695253
6 4.693987
6 4.686709
6 4.686709
6 4.686709
6 4.686709
6 4.686709
6 4.679430
6 4.679430
6 4.679430
6 4.679430
6 4.679430
6 4.679430
6 4.679430
6 4.679430
6 4.679430
6 4.679430
6 4.679430
6 4.679430
6 4.679430
6 4.679430
6 4.679430
6 4.679430
6 4.679430
6 4.679430
6 4.679430
6 4.679430
6 4.679430
6 4.679430
6 4.679430
6 4.679430
6 4.679430
6 4.679430
6 4.679430
6 4.679430
6 4.679430
6 4.679430
6 4.677848
6 4.677848
6 4.677848
6 4.677848
6 4.677848
6 4.677848
6 4.677848
6 4.677848
6 4.677848
6 4.677848
6 4.677848
6 4.677848
6 4.677848
6 4.677848
6 4.677848
6 4.677848
6 4.677848
6 4.677848
6 4.677848
6 4.677848
6 4.677848
6 4.677848
6 4.677848
6 4.677848
6 4.677848
6 4.677848
6 4.677848
6 4.677848
6 4.677848
6 4.677848
6 4.677848
6 4.677848
6 4.677848
6 4.677848
6 4.677848
6 4.677848
6 4.664557
6 4.664557
6 4.664557
6 4.664557
6 4.664557
6 4.664557
6 4.664557
6 4.664557
6 4.664557
6 4.664557
6 4.664557
6 4.664557
6 4.664557
6 4.664557
6 4.664557
6 4.664557
6 4.664557
6 4.664557
6 4.664557
6 4.664557
6 4.664557
6 4.664557
6 4.664557
6 4.664557
6 4.664557
6 4.663608
6 4.663608
6 4.663608
6 4.663608
6 4.663608
6 4.663608
6 4.663608
6 4.663608
6 4.663608
6 4.663608
6 4.663608
6 4.663608
6 4.663608
6 4.663608
6 4.663608
6 4.663608
6 4.663608
6 4.663608
6 4.663608
6 4.663608
6 4.663608
6 4.663608
6 4.663608
6 4.663608
6 4.663608
6 4.663608
6 4.663608
6 4.663608
6 4.663608
6 4.663608
6 4.663608
6 4.663608
6 4.663608
6 4.663608
6 4.663608
6 4.663608
6 4.663608
6 4.663608
6 4.663608
6 4.663608
6 4.663608
6 4.663608
6 4.663608
6 4.663608
6 4.663608
6 4.658544
6 4.658544
6 4.658544
6 4.658544
6 4.658544
6 4.658544
6 4.658544
6 4.658544
6 4.658544
6 4.658544
6 4.658544
6 4.658544
6 4.658544
6 4.658544
6 4.658544
6 4.658544
6 4.658544
6 4.658544
6 4.658544
6 4.658544
6 4.658544
6 4.658544
6 4.658544
6 4.658544
6 4.658544
6 4.658544
6 4.658544
6 4.658544
6 4.658544
6 4.658544
6 4.658544
6 4.658544
6 4.658544
6 4.658544
6 4.658544
6 4.658544
6 4.658544
6 4.658544
6 4.658544
6 4.658544
6 4.658544
6 4.658544
6 4.658544
6 4.658544
6 4.658544
6 4.658544
6 4.658544
6 4.658544
6 4.658544
6 4.658544
6 4.658544
6 4.658544
6 4.658544
6 4.658544
6 4.658544
6 4.658544
6 4.658544
6 4.658544
6 4.658544
6 4.658544
6 4.658544
6 4.658544
6 4.658544
6 4.658544
6 4.658544
6 4.658544
6 4.658544
6 4.658544
6 4.658544
6 4.658544
6 4.658544
6 4.658544
6 4.658544
6 4.658544
6 4.658544
6 4.658544
6 4.658544
6 4.658544
6 4.658544
6 4.658544
6 4.658544
6 4.658544
6 4.658544
6 4.658544
6 4.658544
6 4.658544
6 4.658544
6 4.658544
6 4.658544
6 4.658544
6 4.658544
6 4.658544
6 4.658544
6 4.658544
6 4.658544
6 4.658544
6 4.658544
6 4.658544
6 4.658544
6 4.658544
6 4.657595
6 4.657595
6 4.657595
6 4.657595
6 4.657595
6 4.657595
6 4.657595
6 4.657595
6 4.657595
6 4.657595
6 4.657595
6 4.657595
6 4.657595
6 4.657595
6 4.657595
6 4.657595
6 4.657595
6 4.657595
6 4.657595
6 4.657595
6 4.657595
6 4.657595
6 4.657595
6 4.657595
6 4.657595
6 4.657595
6 4.657595
6 4.657595
6 4.657595
6 4.657595
6 4.657595
6 4.657595
6 4.657595
6 4.657595
6 4.657595
6 4.657595
6 4.657595
6 4.657595
6 4.657595
6 4.657595
6 4.657595
6 4.657595
6 4.657595
6 4.657595
6 4.657595
6 4.657595
6 4.657595
6 4.657595
6 4.657595
6 4.657595
6 4.657595
6 4.657595
6 4.657595
6 4.657595
6 4.657595
6 4.657595
6 4.657595
6 4.657595
6 4.657595
6 4.657595
6 4.657595
6 4.657595
6 4.657595
6 4.657595
6 4.657595
6 4.657595
6 4.657595
6 4.657595
6 4.657595
6 4.657595
6 4.657595
6 4.657595
6 4.657595
6 4.657595
6 4.657595
6 4.657595
6 4.657595
6 4.657595
6 4.657595
6 4.657595
6 4.657595
6 4.657595
6 4.657595
6 4.657595
6 4.657595
6 4.657595
6 4.657595
6 4.657595
6 4.657595
6 4.657595
6 4.657595
6 4.657595
6 4.657595
6 4.657595
6 4.657595
6 4.657595
6 4.657595
6 4.657595
6 4.657595
6 4.657595
6 4.657278
6 4.657278
6 4.657278
6 4.657278
6 4.657278
6 4.657278
6 4.657278
6 4.657278
6 4.657278
6 4.657278
6 4.657278
6 4.657278
6 4.657278
6 4.657278
6 4.657278
6 4.657278
6 4.657278
6 4.657278
6 4.657278
6 4.657278
6 4.657278
6 4.657278
6 4.657278
6 4.657278
6 4.657278
6 4.657278
6 4.657278
6 4.657278
6 4.657278
6 4.657278
6 4.657278
6 4.657278
6 4.657278
6 4.657278
6 4.657278
6 4.657278
6 4.657278
6 4.657278
6 4.657278
6 4.657278
6 4.657278
6 4.657278
6 4.650633
6 4.650633
6 4.650633
6 4.650633
6 4.650633
6 4.650633
6 4.650633
6 4.650633
6 4.650633
6 4.650633
6 4.650633
6 4.650633
6 4.650633
6 4.650633
6 4.650633
6 4.650633
6 4.650633
6 4.650633
6 4.650633
6 4.650633
6 4.650633
6 4.650633
6 4.650633
6 4.650633
6 4.650633
6 4.650633
6 4.650633
6 4.650633
6 4.650633
6 4.650633
6 4.650633
6 4.650633
6 4.650633
6 4.650633
6 4.650633
6 4.650633
6 4.650633
6 4.650633
6 4.650633
6 4.650633
6 4.650633
6 4.650633
6 4.650633
6 4.650633
6 4.650633
6 4.650633
6 4.644620
6 4.644620
6 4.644620
6 4.644620
6 4.644620
6 4.644620
6 4.644620
6 4.644620
6 4.644620
6 4.644620
6 4.644620
6 4.644620
6 4.644620
6 4.644620
6 4.644620
6 4.644620
6 4.644620
6 4.644620
6 4.644620
6 4.644620
6 4.644620
6 4.644620
6 4.644620
6 4.644620
6 4.644620
6 4.644620
6 4.644620
6 4.644620
6 4.644620
6 4.644620
6 4.644620
6 4.644620
6 4.644620
6 4.644620
6 4.644620
6 4.644620
6 4.644620
6 4.644620
6 4.644620
6 4.644620
6 4.644620
6 4.644620
6 4.644620
6 4.644620
6 4.644620
6 4.644620
6 4.644620
6 4.644620
6 4.644620
6 4.644620
6 4.644620
6 4.644620
6 4.644620
6 4.644620
6 4.644620
6 4.644620
6 4.644620
6 4.644620
6 4.644620
6 4.644620
6 4.644620
6 4.644620
6 4.644620
6 4.644620
6 4.644620
6 4.644620
6 4.644620
6 4.642405
6 4.642405
6 4.642405
6 4.642405
6 4.642405
6 4.642405
6 4.642405
6 4.642405
6 4.642405
6 4.642405
6 4.642405
6 4.642405
6 4.642405
6 4.642405
6 4.642405
6 4.642405
6 4.642405
6 4.642405
6 4.642405
6 4.642405
6 4.642405
6 4.642405
6 4.642405
6 4.642405
6 4.642405
6 4.642405
6 4.642405
6 4.642405
6 4.642405
6 4.642405
6 4.642405
6 4.642405
6 4.642405
6 4.642405
6 4.642405
6 4.642405
6 4.642405
6 4.642405
6 4.642405
6 4.642405
6 4.642405
6 4.642405
6 4.642405
6 4.642405
6 4.642405
6 4.642405
6 4.642405
6 4.642405
6 4.642405
6 4.642405
6 4.642405
6 4.642405
6 4.642405
6 4.642405
6 4.642405
6 4.642405
6 4.642405
6 4.642405
6 4.641772
6 4.641772
6 4.641772
6 4.641772
6 4.641772
6 4.641772
6 4.641772
6 4.641772
6 4.641772
6 4.641772
6 4.641772
6 4.641772
6 4.641772
6 4.641772
6 4.641772
6 4.641772
6 4.641772
6 4.641772
6 4.641772
6 4.641772
6 4.641772
6 4.641772
6 4.641772
6 4.641772
6 4.641772
6 4.641772
6 4.641772
6 4.641772
6 4.641772
6 4.641772
6 4.641772
6 4.641772
6 4.641772
6 4.641772
6 4.635127
6 4.635127
6 4.635127
6 4.635127
6 4.635127
6 4.635127
6 4.635127
6 4.635127
6 4.635127
6 4.635127
6 4.635127
6 4.635127
6 4.635127
6 4.635127
6 4.635127
6 4.635127
6 4.635127
6 4.635127
6 4.635127
6 4.635127
6 4.635127
6 4.635127
6 4.635127
6 4.635127
6 4.635127
6 4.635127
6 4.635127
6 4.635127
6 4.635127
6 4.635127
6 4.635127
6 4.635127
6 4.635127
6 4.635127
6 4.635127
6 4.635127
6 4.635127
6 4.635127
6 4.635127
6 4.635127
6 4.635127
6 4.635127
6 4.635127
6 4.635127
6 4.635127
6 4.635127
6 4.635127
6 4.635127
6 4.635127
6 4.635127
6 4.635127
6 4.635127
6 4.635127
6 4.635127
6 4.635127
6 4.635127
6 4.635127
6 4.635127
6 4.635127
6 4.635127
6 4.635127
6 4.635127
6 4.635127
6 4.635127
6 4.635127
6 4.635127
6 4.635127
6 4.635127
6 4.635127
6 4.635127
6 4.635127
6 4.635127
6 4.635127
6 4.635127
6 4.635127
6 4.635127
6 4.635127
6 4.635127
6 4.635127
6 4.635127
6 4.635127
6 4.635127
6 4.635127
6 4.635127
6 4.635127
6 4.635127
6 4.635127
6 4.635127
6 4.635127
6 4.635127
6 4.635127
6 4.635127
6 4.635127
6 4.635127
6 4.635127
6 4.635127
6 4.635127
6 4.635127
6 4.635127
6 4.635127
6 4.635127
6 4.635127
6 4.635127
6 4.635127
6 4.635127
6 4.635127
6 4.635127
6 4.635127
6 4.635127
6 4.635127
6 4.635127
6 4.635127
6 4.635127
6 4.635127
6 4.635127
6 4.635127
6 4.635127
6 4.635127
6 4.635127
6 4.635127
6 4.635127
6 4.635127
6 4.635127
6 4.635127
6 4.635127
6 4.635127
6 4.635127
6 4.635127
6 4.635127
6 4.635127
6 4.635127
6 4.635127
6 4.635127
6 4.635127
6 4.635127
6 4.635127
6 4.635127
6 4.635127
6 4.635127
6 4.623101
6 4.623101
6 4.623101
6 4.623101
6 4.623101
6 4.623101
6 4.623101
6 4.623101
6 4.623101
6 4.623101
6 4.623101
6 4.623101
6 4.623101
6 4.623101
6 4.623101
6 4.623101
6 4.623101
6 4.623101
6 4.623101
6 4.623101
6 4.623101
6 4.623101
6 4.623101
6 4.623101
6 4.623101
6 4.623101
6 4.623101
6 4.623101
6 4.623101
6 4.622152
6 4.622152
6 4.622152
6 4.622152
6 4.622152
6 4.622152
6 4.621203
6 4.621203
6 4.621203
6 4.621203
6 4.621203
6 4.621203
6 4.621203
6 4.621203
6 4.621203
6 4.621203
6 4.621203
6 4.621203
6 4.621203
6 4.612342
6 4.612342
6 4.612342
6 4.612342
6 4.612342
6 4.612342
6 4.612342
6 4.612342
6 4.612342
6 4.612342
6 4.612342
6 4.612342
6 4.612342
6 4.612342
6 4.612342
6 4.612342
6 4.612342
6 4.612342
6 4.612342
6 4.612342
6 4.612342
6 4.612342
6 4.612342
6 4.612342
6 4.612342
6 4.612342
6 4.612342
6 4.612342
6 4.612342
6 4.612342
6 4.612342
6 4.612342
6 4.612342
6 4.612342
6 4.612342
6 4.612342
6 4.612342
6 4.612342
6 4.612342
6 4.612342
6 4.612342
6 4.612342
6 4.612342
6 4.612342
6 4.612342
6 4.612342
6 4.612342
6 4.612342
6 4.612342
6 4.612342
6 4.612342
6 4.612342
6 4.612342
6 4.612342
6 4.612342
6 4.612342
6 4.612342
6 4.612342
6 4.612342
6 4.612342
6 4.612342
6 4.612342
6 4.612342
6 4.612342
6 4.612342
6 4.612342
6 4.612342
6 4.612342
6 4.612342
6 4.612342
6 4.612342
6 4.612342
6 4.612342
6 4.612342
6 4.612342
6 4.612342
6 4.612342
6 4.612342
6 4.612342
6 4.612342
6 4.612342
6 4.612342
6 4.612342
6 4.612342
6 4.611709
6 4.611709
6 4.611709
6 4.611709
6 4.611709
6 4.611709
6 4.611709
6 4.611709
6 4.611709
6 4.611709
6 4.611709
6 4.611709
6 4.611709
6 4.611709
6 4.611709
6 4.611709
6 4.611709
6 4.611709
6 4.611709
6 4.611709
6 4.611709
6 4.611709
6 4.611709
6 4.611709
6 4.611709
6 4.611709
6 4.611709
6 4.611709
6 4.611709
6 4.611709
6 4.611709
6 4.611709
6 4.611709
6 4.611709
6 4.611709
6 4.611709
6 4.611709
6 4.611709
6 4.611709
6 4.611709
6 4.611709
6 4.611709
6 4.611709
6 4.611709
6 4.611709
6 4.611709
6 4.611709
6 4.611709
6 4.611709
6 4.611709
6 4.611709
6 4.611709
6 4.611709
6 4.611709
6 4.611709
6 4.611709
6 4.611709
6 4.611709
6 4.611709
6 4.611709
6 4.611709
6 4.611709
6 4.611709
6 4.611709
6 4.611709
6 4.611709
6 4.611709
6 4.611709
6 4.611709
6 4.611709
6 4.611709
6 4.611709
6 4.611709
6 4.611709
6 4.611709
6 4.611709
6 4.611709
6 4.611709
6 4.611709
6 4.611709
6 4.611709
6 4.611709
6 4.607911
6 4.607911
6 4.607911
6 4.607911
6 4.607911
6 4.607911
6 4.607911
6 4.607911
6 4.607911
6 4.607911
6 4.607911
6 4.607911
6 4.607911
6 4.607911
6 4.607911
6 4.607911
6 4.607911
6 4.607911
6 4.607911
6 4.607911
6 4.607911
6 4.607911
6 4.607911
6 4.607911
6 4.607911
6 4.607911
6 4.607911
6 4.607911
6 4.607911
6 4.607911
6 4.607911
6 4.607911
6 4.607911
6 4.607911
6 4.607911
6 4.607911
6 4.607911
6 4.607911
6 4.607911
6 4.607911
6 4.607595
6 4.607595
6 4.607595
6 4.607595
6 4.607595
6 4.605063
6 4.605063
6 4.605063
6 4.605063
6 4.605063
6 4.605063
6 4.605063
6 4.605063
6 4.605063
6 4.605063
6 4.605063
6 4.605063
6 4.605063
6 4.605063
6 4.605063
6 4.605063
6 4.605063
6 4.604747
6 4.604747
6 4.604747
6 4.601266
6 4.601266
6 4.601266
6 4.601266
6 4.601266
6 4.601266
6 4.601266
6 4.601266
6 4.601266
6 4.601266
6 4.601266
6 4.601266
6 4.601266
6 4.601266
6 4.601266
6 4.601266
6 4.601266
6 4.601266
6 4.601266
6 4.601266
6 4.601266
6 4.601266
6 4.601266
6 4.601266
6 4.601266
6 4.601266
6 4.601266
6 4.601266
6 4.601266
6 4.601266
6 4.601266
6 4.601266
6 4.601266
6 4.601266
6 4.601266
6 4.601266
6 4.601266
6 4.601266
6 4.601266
6 4.601266
6 4.601266
6 4.601266
6 4.601266
6 4.601266
6 4.601266
6 4.601266
6 4.601266
6 4.601266
6 4.601266
6 4.601266
6 4.597785
6 4.597785
6 4.597785
6 4.597785
6 4.597785
6 4.597785
6 4.597785
6 4.597785
6 4.597785
6 4.597785
6 4.597785
6 4.597785
6 4.597785
6 4.597785
6 4.597785
6 4.597785
6 4.597785
6 4.597785
6 4.597785
6 4.597785
6 4.597785
6 4.597785
6 4.597785
6 4.597785
6 4.597785
6 4.597785
6 4.597785
6 4.597785
6 4.597785
6 4.597785
6 4.597785
6 4.597785
6 4.597785
6 4.597785
6 4.597785
6 4.597785
6 4.597785
6 4.597785
6 4.597785
6 4.597785
6 4.597785
6 4.597785
6 4.597785
6 4.597785
6 4.597785
6 4.597785
6 4.597785
6 4.597785
6 4.597785
6 4.597785
6 4.597785
6 4.597785
6 4.597785
6 4.597785
6 4.597785
6 4.597785
6 4.597785
6 4.597785
6 4.597785
6 4.597785
6 4.597785
6 4.597785
6 4.597785
6 4.597785
6 4.597785
6 4.597785
6 4.597785
6 4.597785
6 4.597785
6 4.597785
6 4.597785
6 4.597785
6 4.597785
6 4.597785
6 4.597785
6 4.597785
6 4.597785
6 4.597785
6 4.597785
6 4.597785
6 4.597785
6 4.597785
6 4.597785
6 4.597785
6 4.597785
6 4.597785
6 4.597785
6 4.597785
6 4.597785
6 4.597785
6 4.597785
6 4.597785
6 4.595253
6 4.595253
6 4.595253
6 4.595253
6 4.595253
6 4.595253
6 4.595253
6 4.595253
6 4.595253
6 4.595253
6 4.595253
6 4.595253
6 4.595253
6 4.595253
6 4.595253
6 4.595253
6 4.595253
6 4.595253
6 4.595253
6 4.595253
6 4.595253
6 4.595253
6 4.595253
6 4.595253
6 4.595253
6 4.595253
6 4.595253
6 4.595253
6 4.595253
6 4.595253
6 4.595253
6 4.595253
6 4.595253
6 4.595253
6 4.595253
6 4.595253
6 4.595253
6 4.595253
6 4.595253
6 4.595253
6 4.595253
6 4.595253
6 4.595253
6 4.595253
6 4.595253
6 4.595253
6 4.595253
6 4.595253
6 4.595253
6 4.595253
6 4.595253
6 4.595253
6 4.595253
6 4.595253
6 4.595253
6 4.595253
6 4.595253
6 4.595253
6 4.595253
6 4.595253
6 4.595253
6 4.595253
6 4.595253
6 4.595253
6 4.595253
6 4.595253
6 4.595253
6 4.595253
6 4.595253
6 4.595253
6 4.595253
6 4.595253
6 4.595253
6 4.595253
6 4.595253
6 4.595253
6 4.595253
6 4.595253
6 4.595253
6 4.595253
6 4.595253
6 4.595253
6 4.595253
6 4.595253
6 4.595253
6 4.595253
6 4.595253
6 4.595253
6 4.595253
6 4.595253
6 4.595253
6 4.595253
6 4.595253
6 4.595253
6 4.595253
6 4.595253
6 4.595253
6 4.595253
6 4.595253
6 4.595253
6 4.592089
6 4.592089
6 4.592089
6 4.592089
6 4.592089
6 4.592089
6 4.592089
6 4.592089
6 4.592089
6 4.592089
6 4.592089
6 4.592089
6 4.592089
6 4.592089
6 4.592089
6 4.592089
6 4.592089
6 4.592089
6 4.592089
6 4.592089
6 4.592089
6 4.592089
6 4.591139
6 4.591139
6 4.591139
6 4.591139
6 4.591139
6 4.588291
6 4.588291
6 4.588291
6 4.588291
6 4.588291
6 4.588291
6 4.588291
6 4.588291
6 4.588291
6 4.588291
6 4.588291
6 4.588291
6 4.588291
6 4.588291
6 4.588291
6 4.588291
6 4.588291
6 4.588291
6 4.588291
6 4.588291
6 4.588291
6 4.588291
6 4.588291
6 4.588291
6 4.588291
6 4.588291
6 4.588291
6 4.588291
6 4.588291
6 4.588291
6 4.588291
6 4.588291
6 4.588291
6 4.588291
6 4.588291
6 4.588291
6 4.588291
6 4.588291
6 4.588291
6 4.588291
6 4.588291
6 4.588291
6 4.588291
6 4.588291
6 4.588291
6 4.588291
6 4.588291
6 4.588291
6 4.588291
6 4.588291
6 4.588291
6 4.588291
6 4.588291
6 4.588291
6 4.588291
6 4.588291
6 4.588291
6 4.588291
6 4.588291
6 4.588291
6 4.588291
6 4.588291
6 4.588291
6 4.588291
6 4.588291
6 4.588291
6 4.588291
6 4.588291
6 4.588291
6 4.588291
6 4.588291
6 4.588291
6 4.588291
6 4.588291
6 4.588291
6 4.588291
6 4.588291
6 4.588291
6 4.588291
6 4.588291
6 4.588291
6 4.588291
6 4.588291
6 4.588291
6 4.588291
6 4.588291
6 4.588291
6 4.588291
6 4.588291
6 4.588291
6 4.588291
6 4.588291
6 4.588291
6 4.588291
6 4.588291
6 4.588291
6 4.588291
6 4.588291
6 4.588291
6 4.588291
6 4.588291
6 4.588291
6 4.588291
6 4.588291
6 4.588291
6 4.588291
6 4.588291
6 4.588291
6 4.588291
6 4.588291
6 4.588291
6 4.588291
6 4.588291
6 4.588291
6 4.588291
6 4.588291
6 4.588291
6 4.588291
6 4.588291
6 4.588291
6 4.588291
6 4.588291
6 4.588291
6 4.588291
6 4.588291
6 4.588291
6 4.578481
6 4.578481
6 4.578481
6 4.578481
6 4.576266
6 4.576266
6 4.576266
6 4.576266
6 4.576266
6 4.576266
6 4.576266
6 4.576266
6 4.576266
6 4.576266
6 4.576266
6 4.576266
6 4.576266
6 4.576266
6 4.576266
6 4.576266
6 4.576266
6 4.576266
6 4.576266
6 4.576266
6 4.576266
6 4.576266
6 4.576266
6 4.576266
6 4.576266
6 4.576266
6 4.576266
6 4.576266
6 4.576266
6 4.576266
6 4.576266
6 4.576266
6 4.576266
6 4.576266
6 4.576266
6 4.576266
6 4.576266
6 4.576266
6 4.576266
6 4.576266
6 4.576266
6 4.576266
6 4.576266
6 4.576266
6 4.576266
6 4.576266
6 4.576266
6 4.576266
6 4.576266
6 4.576266
6 4.576266
6 4.576266
6 4.576266
6 4.576266
6 4.576266
6 4.576266
6 4.576266
6 4.576266
6 4.576266
6 4.576266
6 4.576266
6 4.576266
6 4.576266
6 4.576266
6 4.576266
6 4.576266
6 4.576266
6 4.576266
6 4.576266
6 4.576266
6 4.576266
6 4.576266
6 4.576266
6 4.576266
6 4.576266
6 4.576266
6 4.576266
6 4.576266
6 4.576266
6 4.576266
6 4.576266
6 4.576266
6 4.576266
6 4.576266
6 4.576266
6 4.576266
6 4.576266
6 4.576266
6 4.576266
6 4.576266
6 4.576266
6 4.576266
6 4.576266
6 4.576266
6 4.576266
6 4.576266
6 4.576266
6 4.575633
6 4.575633
6 4.575633
6 4.575633
6 4.575633
6 4.575633
6 4.575633
6 4.575633
6 4.575633
6 4.575633
6 4.575633
6 4.575633
6 4.575633
6 4.575633
6 4.575316
6 4.575316
6 4.575316
6 4.575316
6 4.575316
6 4.575316
6 4.575316
6 4.575316
6 4.575316
6 4.570570
6 4.570570
6 4.570570
6 4.570570
6 4.570570
6 4.570570
6 4.570570
6 4.570570
6 4.570570
6 4.570570
6 4.570570
6 4.570570
6 4.570570
6 4.570570
6 4.570570
6 4.570570
6 4.570570
6 4.570570
6 4.570570
6 4.570570
6 4.570570
6 4.570570
6 4.570570
6 4.570570
6 4.570570
6 4.570570
6 4.570570
6 4.570570
6 4.570570
6 4.570570
6 4.570570
6 4.570570
6 4.570570
6 4.570570
6 4.570570
6 4.565190
6 4.565190
6 4.565190
6 4.565190
6 4.565190
6 4.565190
6 4.565190
6 4.565190
6 4.565190
6 4.565190
6 4.565190
6 4.565190
6 4.565190
6 4.565190
6 4.565190
6 4.565190
6 4.565190
6 4.565190
6 4.565190
6 4.565190
6 4.565190
6 4.565190
6 4.565190
6 4.565190
6 4.565190
6 4.565190
6 4.565190
6 4.565190
6 4.565190
6 4.565190
6 4.565190
6 4.565190
6 4.565190
6 4.565190
6 4.565190
6 4.565190
6 4.565190
6 4.565190
6 4.565190
6 4.565190
6 4.565190
6 4.565190
6 4.565190
6 4.565190
6 4.565190
6 4.561709
6 4.561709
6 4.561709
6 4.561709
6 4.561709
6 4.561709
6 4.561709
6 4.561709
6 4.561709
6 4.561709
6 4.561709
6 4.561709
6 4.561709
6 4.561709
6 4.561709
6 4.561709
6 4.561709
6 4.561709
6 4.561709
6 4.561709
6 4.561709
6 4.561709
6 4.561709
6 4.561709
6 4.561709
6 4.561392
6 4.561392
6 4.561392
6 4.561392
6 4.561392
6 4.561392
6 4.561392
6 4.561392
6 4.561392
6 4.561392
6 4.561392
6 4.561392
6 4.561392
6 4.561392
6 4.561392
6 4.561392
6 4.561392
6 4.561392
6 4.561392
6 4.561392
6 4.561392
6 4.561392
6 4.561392
6 4.561392
6 4.561392
6 4.561392
6 4.561392
6 4.561392
6 4.561392
6 4.561392
6 4.561392
6 4.561392
6 4.561392
6 4.561392
6 4.561392
6 4.561392
6 4.561392
6 4.561392
6 4.561392
6 4.561392
6 4.561392
6 4.561392
6 4.561392
6 4.561392
6 4.561392
6 4.561392
6 4.561392
6 4.561392
6 4.561392
6 4.561392
6 4.561392
6 4.561392
6 4.561392
6 4.561392
6 4.561392
6 4.561392
6 4.561392
6 4.561392
6 4.561392
6 4.561392
6 4.561392
6 4.561392
6 4.561392
6 4.561392
6 4.561392
6 4.561392
6 4.561392
6 4.561392
6 4.561392
6 4.561392
6 4.561392
6 4.561392
6 4.561392
6 4.561392
6 4.561392
6 4.561392
6 4.561392
6 4.561392
6 4.561392
6 4.561392
6 4.561392
6 4.561392
6 4.561392
6 4.561392
6 4.561392
6 4.561392
6 4.560759
6 4.560759
6 4.560759
6 4.560759
6 4.560759
6 4.560759
6 4.560759
6 4.560759
6 4.560759
6 4.560759
6 4.560759
6 4.560759
6 4.560759
6 4.560759
6 4.560759
6 4.560759
6 4.560759
6 4.560759
6 4.560759
6 4.560759
6 4.560759
6 4.560759
6 4.560759
6 4.560759
6 4.560759
6 4.560759
6 4.560759
6 4.560759
6 4.560759
6 4.560759
6 4.560759
6 4.560759
6 4.560759
6 4.560759
6 4.560759
6 4.560759
6 4.560759
6 4.560759
6 4.560759
6 4.560759
6 4.560759
6 4.560759
6 4.560759
6 4.560759
6 4.560759
6 4.560759
6 4.560759
6 4.560759
6 4.560759
6 4.560759
6 4.560759
6 4.560759
6 4.560759
6 4.560759
6 4.560759
6 4.560759
6 4.560759
6 4.560759
6 4.560759
6 4.560759
6 4.560759
6 4.560759
6 4.560759
6 4.560759
6 4.560759
6 4.560759
6 4.560759
6 4.560759
6 4.560759
6 4.560759
6 4.560759
6 4.560759
6 4.560759
6 4.560759
6 4.560759
6 4.560759
6 4.560759
6 4.560759
6 4.560759
6 4.560759
6 4.560759
6 4.560759
6 4.560759
6 4.560759
6 4.560759
6 4.560759
6 4.560759
6 4.560759
6 4.560759
6 4.560759
6 4.560759
6 4.560759
6 4.560759
6 4.560759
6 4.560759
6 4.560759
6 4.560759
6 4.560759
6 4.560759
6 4.560759
6 4.560759
6 4.560759
6 4.560759
6 4.560759
6 4.560759
6 4.560759
6 4.560759
6 4.560759
6 4.560759
6 4.560759
6 4.560759
6 4.560759
6 4.560759
6 4.560759
6 4.560759
6 4.560759
6 4.560759
6 4.560759
6 4.560759
6 4.560759
6 4.560759
6 4.560759
6 4.560759
6 4.560759
6 4.560759
6 4.560759
6 4.560759
6 4.560759
6 4.560759
6 4.560759
6 4.560759
6 4.560759
6 4.560759
6 4.560759
6 4.560759
6 4.560759
6 4.560759
6 4.560759
6 4.560759
6 4.560759
6 4.560759
6 4.560759
6 4.560759
6 4.560759
6 4.560759
6 4.560759
6 4.560759
6 4.560759
6 4.560759
6 4.560759
6 4.560759
6 4.560759
6 4.560759
6 4.560759
6 4.560759
6 4.560759
6 4.560759
6 4.560759
6 4.560759
6 4.560759
6 4.560759
6 4.560759
6 4.560759
6 4.560759
6 4.560759
6 4.560759
6 4.560759
6 4.560759
6 4.560759
6 4.560759
6 4.560759
6 4.560759
6 4.560759
6 4.560759
6 4.560759
6 4.560759
6 4.560759
6 4.560759
6 4.560759
