type : directed1
s 40 h 32 r 4
counts 870
9 5.631048
8 5.489919
8 5.489919
8 5.489919
8 5.489919
8 5.477823
8 5.459677
8 5.447581
7 5.425403
7 5.425403
7 5.425403
7 5.425403
7 5.425403
7 5.425403
7 5.425403
7 5.425403
7 5.425403
7 5.425403
7 5.425403
7 5.425403
7 5.425403
7 5.425403
7 5.425403
7 5.425403
7 5.425403
7 5.425403
7 5.425403
7 5.425403
7 5.425403
7 5.425403
7 5.372984
7 5.372984
7 5.372984
7 5.372984
7 5.372984
7 5.372984
7 5.372984
7 5.372984
7 5.352823
7 5.346774
7 5.346774
7 5.346774
7 5.322581
7 5.322581
7 5.322581
7 5.322581
7 5.322581
7 5.322581
7 5.322581
7 5.322581
7 5.322581
7 5.322581
7 5.322581
7 5.322581
7 5.322581
7 5.322581
7 5.322581
7 5.322581
7 5.320565
7 5.320565
7 5.320565
7 5.320565
7 5.320565
7 5.320565
7 5.320565
7 5.320565
7 5.320565
7 5.318548
7 5.318548
7 5.318548
7 5.318548
7 5.318548
7 5.318548
7 5.318548
7 5.318548
7 5.318548
7 5.318548
7 5.318548
7 5.318548
7 5.318548
7 5.318548
7 5.318548
7 5.318548
7 5.318548
7 5.318548
7 5.318548
7 5.318548
7 5.318548
7 5.292339
7 5.292339
7 5.292339
7 5.292339
7 5.292339
7 5.292339
7 5.292339
7 5.292339
7 5.292339
7 5.292339
7 5.292339
7 5.292339
7 5.292339
7 5.274194
7 5.274194
7 5.274194
7 5.266129
7 5.266129
7 5.266129
7 5.266129
7 5.266129
7 5.266129
7 5.266129
7 5.266129
7 5.266129
7 5.256048
7 5.256048
7 5.256048
7 5.256048
7 5.256048
7 5.256048
7 5.256048
7 5.256048
7 5.256048
7 5.256048
7 5.256048
7 5.256048
7 5.256048
7 5.256048
7 5.256048
7 5.256048
7 5.256048
7 5.256048
7 5.256048
7 5.256048
7 5.256048
7 5.256048
7 5.256048
7 5.256048
7 5.256048
7 5.256048
7 5.256048
7 5.256048
7 5.256048
7 5.256048
7 5.256048
7 5.256048
7 5.256048
7 5.256048
7 5.256048
7 5.256048
7 5.231855
7 5.231855
7 5.231855
7 5.231855
7 5.231855
7 5.231855
7 5.231855
7 5.231855
7 5.231855
7 5.231855
7 5.231855
7 5.231855
7 5.231855
7 5.231855
7 5.231855
7 5.231855
7 5.231855
7 5.231855
7 5.231855
7 5.231855
7 5.231855
7 5.219758
7 5.219758
7 5.219758
7 5.219758
7 5.219758
7 5.219758
7 5.219758
7 5.219758
7 5.219758
7 5.219758
7 5.219758
7 5.219758
7 5.219758
7 5.213710
7 5.213710
7 5.213710
7 5.213710
7 5.213710
7 5.213710
7 5.213710
7 5.213710
7 5.213710
7 5.213710
7 5.213710
7 5.213710
7 5.213710
7 5.213710
7 5.213710
7 5.213710
7 5.213710
7 5.213710
7 5.213710
7 5.213710
7 5.213710
7 5.213710
7 5.213710
7 5.213710
7 5.213710
7 5.213710
7 5.213710
7 5.213710
7 5.213710
7 5.213710
7 5.207661
7 5.207661
7 5.207661
7 5.207661
7 5.207661
7 5.207661
7 5.207661
7 5.207661
7 5.207661
7 5.207661
7 5.207661
7 5.207661
7 5.207661
7 5.207661
7 5.207661
7 5.207661
7 5.207661
7 5.207661
7 5.207661
7 5.207661
7 5.207661
7 5.207661
7 5.207661
7 5.207661
7 5.207661
7 5.207661
7 5.207661
7 5.207661
7 5.207661
7 5.207661
7 5.207661
7 5.207661
7 5.207661
7 5.207661
7 5.207661
7 5.207661
7 5.207661
7 5.207661
7 5.207661
7 5.207661
7 5.207661
7 5.207661
7 5.207661
7 5.207661
7 5.207661
7 5.207661
7 5.207661
7 5.207661
7 5.207661
7 5.207661
7 5.207661
7 5.207661
7 5.207661
7 5.207661
7 5.207661
7 5.207661
7 5.207661
7 5.207661
7 5.207661
7 5.207661
7 5.207661
7 5.207661
7 5.207661
7 5.207661
7 5.207661
7 5.207661
7 5.207661
7 5.207661
7 5.207661
7 5.207661
7 5.207661
7 5.207661
7 5.207661
7 5.207661
7 5.207661
7 5.207661
7 5.207661
7 5.207661
7 5.207661
7 5.207661
7 5.207661
7 5.207661
7 5.207661
7 5.207661
7 5.207661
7 5.207661
7 5.207661
7 5.207661
7 5.207661
7 5.207661
7 5.207661
7 5.207661
7 5.203629
7 5.203629
7 5.203629
7 5.203629
7 5.203629
7 5.203629
7 5.203629
7 5.203629
7 5.203629
7 5.203629
7 5.203629
7 5.203629
7 5.203629
7 5.203629
7 5.203629
7 5.203629
7 5.203629
7 5.203629
7 5.203629
7 5.203629
7 5.203629
7 5.203629
7 5.203629
7 5.203629
7 5.203629
7 5.203629
7 5.203629
7 5.203629
7 5.199597
7 5.199597
7 5.199597
7 5.199597
7 5.199597
7 5.199597
7 5.199597
7 5.199597
7 5.199597
7 5.199597
7 5.199597
7 5.199597
7 5.199597
7 5.199597
7 5.199597
7 5.199597
7 5.199597
7 5.199597
7 5.199597
7 5.199597
7 5.199597
7 5.199597
7 5.199597
7 5.199597
7 5.199597
7 5.199597
7 5.199597
7 5.199597
7 5.199597
7 5.199597
7 5.199597
7 5.199597
7 5.199597
7 5.199597
7 5.199597
7 5.199597
7 5.199597
7 5.199597
7 5.199597
7 5.199597
7 5.199597
7 5.199597
7 5.199597
7 5.199597
7 5.199597
7 5.199597
7 5.199597
7 5.199597
7 5.199597
7 5.199597
7 5.199597
7 5.199597
7 5.199597
7 5.199597
7 5.199597
7 5.199597
7 5.199597
7 5.199597
7 5.199597
7 5.199597
7 5.199597
7 5.199597
7 5.199597
7 5.199597
7 5.199597
7 5.199597
7 5.199597
7 5.199597
7 5.199597
7 5.199597
7 5.199597
7 5.199597
7 5.199597
7 5.199597
7 5.199597
7 5.199597
7 5.199597
7 5.199597
7 5.199597
7 5.199597
7 5.199597
7 5.199597
7 5.199597
7 5.199597
7 5.199597
7 5.199597
7 5.199597
7 5.199597
7 5.199597
7 5.199597
7 5.199597
7 5.199597
7 5.199597
7 5.199597
7 5.199597
7 5.199597
7 5.199597
7 5.199597
7 5.199597
7 5.199597
7 5.199597
7 5.199597
7 5.199597
7 5.199597
7 5.199597
7 5.199597
7 5.199597
7 5.195565
7 5.195565
7 5.195565
7 5.195565
7 5.195565
7 5.195565
7 5.195565
7 5.195565
7 5.195565
7 5.195565
7 5.195565
7 5.195565
7 5.195565
7 5.195565
7 5.195565
7 5.195565
7 5.195565
7 5.195565
7 5.195565
7 5.195565
7 5.195565
7 5.195565
7 5.195565
7 5.195565
7 5.195565
7 5.195565
7 5.185484
7 5.185484
7 5.185484
7 5.185484
7 5.185484
7 5.185484
7 5.185484
7 5.185484
7 5.185484
7 5.185484
7 5.185484
7 5.185484
7 5.185484
7 5.185484
7 5.185484
7 5.185484
7 5.185484
7 5.185484
7 5.185484
7 5.185484
7 5.185484
7 5.185484
7 5.185484
7 5.185484
7 5.185484
7 5.185484
7 5.185484
7 5.185484
7 5.185484
7 5.185484
7 5.185484
7 5.185484
7 5.185484
7 5.185484
7 5.185484
7 5.185484
7 5.185484
7 5.185484
7 5.185484
7 5.185484
7 5.185484
7 5.185484
7 5.185484
7 5.185484
7 5.185484
7 5.185484
7 5.185484
7 5.177419
7 5.177419
7 5.177419
7 5.177419
7 5.177419
7 5.177419
7 5.177419
7 5.177419
7 5.177419
7 5.177419
7 5.177419
7 5.177419
7 5.177419
7 5.177419
7 5.177419
7 5.177419
7 5.177419
7 5.177419
7 5.177419
7 5.177419
7 5.177419
7 5.177419
7 5.177419
7 5.177419
7 5.177419
7 5.177419
7 5.177419
7 5.177419
7 5.177419
7 5.177419
7 5.177419
7 5.177419
7 5.177419
7 5.177419
7 5.177419
7 5.177419
7 5.177419
7 5.177419
7 5.177419
7 5.177419
7 5.177419
7 5.177419
7 5.177419
7 5.177419
7 5.177419
7 5.177419
7 5.177419
7 5.177419
7 5.177419
7 5.177419
7 5.177419
7 5.177419
7 5.177419
7 5.177419
7 5.177419
7 5.177419
7 5.177419
7 5.177419
7 5.177419
7 5.177419
7 5.177419
7 5.177419
7 5.177419
7 5.177419
7 5.177419
7 5.177419
7 5.177419
7 5.177419
7 5.177419
7 5.177419
7 5.177419
7 5.177419
7 5.177419
7 5.177419
7 5.177419
7 5.177419
7 5.177419
7 5.177419
7 5.177419
7 5.177419
7 5.177419
7 5.177419
7 5.177419
7 5.177419
7 5.177419
7 5.177419
7 5.177419
7 5.177419
7 5.177419
7 5.177419
7 5.177419
7 5.177419
7 5.177419
7 5.177419
7 5.177419
7 5.177419
7 5.177419
7 5.177419
7 5.177419
7 5.177419
7 5.161290
7 5.161290
7 5.161290
7 5.161290
7 5.161290
7 5.161290
7 5.161290
7 5.161290
7 5.161290
7 5.161290
7 5.161290
7 5.161290
7 5.161290
7 5.161290
7 5.161290
7 5.161290
7 5.161290
7 5.161290
7 5.161290
7 5.161290
7 5.161290
7 5.161290
7 5.161290
7 5.161290
7 5.161290
7 5.161290
7 5.161290
7 5.161290
7 5.161290
7 5.161290
7 5.161290
7 5.161290
7 5.161290
7 5.161290
7 5.161290
7 5.161290
7 5.161290
7 5.161290
7 5.161290
7 5.161290
7 5.161290
7 5.161290
7 5.161290
7 5.161290
7 5.161290
7 5.161290
7 5.161290
7 5.161290
7 5.161290
7 5.161290
7 5.161290
7 5.161290
7 5.161290
7 5.161290
7 5.161290
7 5.161290
7 5.161290
7 5.161290
7 5.161290
7 5.161290
7 5.161290
7 5.161290
7 5.161290
7 5.161290
7 5.161290
7 5.161290
7 5.161290
7 5.161290
7 5.161290
7 5.161290
7 5.161290
7 5.161290
7 5.161290
7 5.161290
7 5.161290
7 5.161290
7 5.161290
7 5.161290
7 5.161290
7 5.161290
7 5.161290
7 5.161290
7 5.151210
7 5.151210
7 5.151210
7 5.151210
7 5.151210
7 5.151210
7 5.151210
7 5.151210
7 5.151210
7 5.151210
7 5.151210
7 5.151210
7 5.151210
7 5.151210
7 5.151210
7 5.151210
7 5.151210
7 5.151210
7 5.151210
7 5.151210
7 5.151210
7 5.151210
7 5.151210
7 5.151210
7 5.151210
7 5.151210
7 5.151210
7 5.151210
7 5.151210
7 5.151210
7 5.151210
7 5.151210
7 5.151210
7 5.151210
7 5.151210
7 5.151210
7 5.151210
7 5.151210
7 5.151210
7 5.151210
7 5.151210
7 5.151210
7 5.151210
7 5.151210
7 5.151210
7 5.151210
7 5.151210
7 5.149194
7 5.149194
7 5.149194
7 5.149194
7 5.149194
7 5.149194
7 5.149194
7 5.149194
7 5.149194
7 5.149194
7 5.149194
7 5.149194
7 5.149194
7 5.149194
7 5.149194
7 5.147177
7 5.147177
7 5.147177
7 5.147177
7 5.147177
7 5.147177
7 5.147177
7 5.147177
7 5.147177
7 5.147177
7 5.147177
7 5.147177
7 5.147177
7 5.147177
7 5.147177
7 5.147177
7 5.147177
7 5.147177
7 5.147177
7 5.147177
7 5.147177
7 5.147177
7 5.147177
7 5.147177
7 5.147177
7 5.147177
7 5.147177
7 5.147177
7 5.147177
7 5.147177
7 5.147177
7 5.147177
7 5.147177
7 5.147177
7 5.147177
7 5.125000
7 5.125000
7 5.125000
7 5.125000
7 5.125000
7 5.125000
7 5.125000
7 5.125000
7 5.125000
7 5.125000
7 5.125000
7 5.125000
7 5.125000
7 5.125000
7 5.125000
7 5.125000
7 5.125000
7 5.125000
7 5.125000
7 5.125000
7 5.125000
7 5.125000
7 5.125000
7 5.125000
7 5.125000
7 5.125000
7 5.125000
7 5.125000
7 5.125000
7 5.125000
7 5.125000
7 5.125000
7 5.125000
7 5.125000
7 5.125000
7 5.125000
7 5.125000
7 5.125000
7 5.125000
7 5.125000
7 5.125000
7 5.125000
7 5.125000
7 5.125000
7 5.125000
7 5.125000
7 5.125000
7 5.125000
7 5.125000
7 5.125000
7 5.125000
7 5.125000
7 5.125000
7 5.125000
7 5.125000
7 5.125000
7 5.125000
7 5.125000
7 5.125000
7 5.125000
7 5.125000
7 5.125000
7 5.125000
7 5.125000
7 5.125000
7 5.125000
7 5.125000
7 5.125000
7 5.125000
7 5.125000
7 5.125000
7 5.125000
7 5.125000
7 5.125000
7 5.125000
7 5.125000
7 5.125000
7 5.125000
