s: 44 h: 432 r: 12
N:1000 minT:0 maxT:10000 seed:9435
n(number of annealings) 50 range 20

avg_haspl avg_diam min_haspl min_diam
44
6.61974 11.76 6.05245 10
8.34856 17.16 7.28768 14
6.88796 12.32 6.57957 11
45
6.25133 11.14 5.80022 9
7.20175 14.18 6.26917 11
6.07498 9.74 5.8585 9
46
5.9518 10.18 5.60603 9
6.29437 11.48 5.92291 10
5.8628 9.7 5.63805 9
47
5.76431 9.8 5.51117 9
5.78751 9.9 5.58941 9
5.63692 9.28 5.51907 8
48
5.59247 9.18 5.42779 8
5.58288 9.22 5.40537 8
5.46134 8.76 5.37172 8
49
5.44876 8.82 5.29572 8
5.43669 8.84 5.29751 8
5.36749 8.56 5.26193 8
50
5.33902 8.54 5.24004 8
5.33007 8.5 5.23889 8
5.26289 8.18 5.17833 7
51
5.25212 8.4 5.07808 8
5.21746 8.14 5.10316 7
5.20687 8.18 5.11691 7
52
5.16543 8.08 5.08262 7
5.13139 7.98 5.05423 7
5.10491 7.84 5.02776 7
53
5.11732 8.02 5.02668 7
5.05541 7.56 4.96888 7
5.0586 7.84 4.96399 7
54
5.05695 7.82 4.96335 7
4.99229 7.36 4.9374 7
5.00664 7.5 4.95078 7
55
5.00832 7.66 4.9316 7
4.93332 7.14 4.85814 7
4.94488 7.18 4.89444 7
56
4.97484 7.62 4.88367 7
4.89471 7.08 4.84108 7
4.88195 7 4.80306 7
57
4.92531 7.38 4.83435 7
4.85406 7.04 4.77381 7
4.85331 7.06 4.791 7
58
4.89713 7.48 4.83363 7
4.82056 7 4.76883 7
4.83642 7 4.78288 7
59
4.86032 7.18 4.78423 7
4.79092 7 4.73813 7
4.80255 7.02 4.73854 7
60
4.83644 7.08 4.773 7
4.75333 6.92 4.70027 6
4.73898 6.9 4.6672 6
61
4.82179 7.14 4.75864 7
4.71861 6.82 4.68073 6
4.70657 6.66 4.66823 6
62
4.79378 7.06 4.71894 7
4.69189 6.62 4.635 6
4.72123 6.98 4.66588 6
63
4.78183 7.06 4.71099 7
4.67698 6.58 4.60369 6
4.69305 6.9 4.65171 6
64
4.76214 7.02 4.70548 7
4.66668 6.44 4.61573 6
4.68817 6.84 4.63619 6
