s: 7 h: 128 r: 24
N:1000 minT:0 maxT:10000 seed:489
n(number of annealings) 50 range 10

avg_haspl avg_diam min_haspl min_diam
7
3.10648 4 3.02375 4
3.09383 4 3.01932 4
3.08208 4 2.98167 4
8
3.08147 4 2.98487 4
3.06218 4 2.97785 4
3.06596 4 3.00689 4
9
3.08186 4 3.0123 4
3.07326 4 3.01095 4
3.07446 4 3.00861 4
10
3.09831 4 3.04023 4
3.09689 4 3.04269 4
3.09626 4 3.06275 4
11
3.12534 4 3.0796 4
3.11507 4 3.06828 4
3.1146 4 3.06459 4
12
3.14681 4 3.10089 4
3.14328 4 3.08698 4
3.13763 4 3.08871 4
13
3.17126 4 3.12106 4
3.17119 4 3.13115 4
3.16957 4 3.10285 4
14
3.1902 4 3.14062 4
3.19311 4 3.1485 4
3.19216 4 3.15379 4
15
3.22159 4 3.18135 4
3.21566 4 3.18086 4
3.21453 4 3.17827 4
16
3.24165 4 3.20276 4
3.23866 4 3.20608 4
3.2387 4 3.20263 4
17
3.26699 4 3.23216 4
3.26136 4 3.22441 4
3.25563 4 3.20866 4
