s: 30 h: 80 r: 6
N:1000 minT:0 maxT:10000 seed:3423
n(number of annealings) 50 range 20

avg_haspl avg_diam min_haspl min_diam
30
4.94159 7.16 4.85127 7
4.91142 7.14 4.81772 7
4.90603 7.14 4.80823 7
31
4.92832 7.16 4.81076 7
4.9007 7.02 4.78956 7
4.90785 7.1 4.79684 7
32
4.92017 7.06 4.8443 7
4.89113 7.12 4.77278 7
4.90225 7.04 4.82373 7
33
4.91978 7.02 4.83703 7
4.87908 7.06 4.78608 7
4.88549 7 4.78323 7
34
4.90857 7.04 4.81044 7
4.86049 7.04 4.75823 7
4.83963 7 4.73639 6
35
4.90361 7.02 4.81614 7
4.85474 7.02 4.75886 7
4.85813 7.02 4.77025 6
36
4.8962 7.04 4.83323 7
4.85446 7.02 4.78418 7
4.82496 7.02 4.72089 7
37
4.90091 7.02 4.81677 7
4.82849 6.94 4.74747 6
4.78726 7 4.70506 7
38
4.88966 7.06 4.82215 7
4.81708 7.04 4.73449 7
4.79059 6.94 4.69335 6
39
4.88684 7.02 4.78608 7
4.80606 6.98 4.71867 6
4.85641 6.98 4.75918 6
40
4.89742 7 4.83196 7
4.79541 7 4.72152 7
4.81334 6.98 4.72405 6
41
4.9057 7 4.84525 7
4.80558 7.02 4.71297 7
4.83247 6.98 4.73513 6
42
4.90174 7 4.83259 7
4.81719 6.98 4.73133 6
4.82185 7 4.73703 6
43
4.89546 7 4.80728 6
4.82973 7 4.75063 6
4.80943 6.98 4.72373 6
44
4.90847 6.98 4.84146 6
4.8253 6.92 4.7231 6
4.85618 6.98 4.72437 6
45
4.90481 6.96 4.85411 6
4.8285 7.04 4.75601 7
4.88212 7 4.80886 7
46
4.908 7 4.80475 6
4.83011 6.98 4.77658 6
4.808 6.96 4.74335 6
47
4.91027 6.98 4.85 6
4.84131 6.9 4.78449 6
4.82182 6.98 4.72975 6
48
4.91483 6.98 4.83987 6
4.84964 6.96 4.7807 6
4.85318 6.9 4.76582 6
49
4.91633 7 4.86329 7
4.83817 6.94 4.76044 6
4.85821 6.84 4.76551 6
50
4.91894 7 4.86361 7
4.86035 7.02 4.77848 7
4.85449 6.96 4.77975 6
