s: 20 h: 32 r: 4
N:5000 minT:0 maxT:7000 seed:939
n(number of annealings) 50 range 100

avg_haspl avg_diam min_haspl min_diam
20
5.33105 7.82 5.24395 7
5.32355 7.66 5.23589 7
5.32056 7.86 5.26411 7
21
5.31544 7.78 5.21976 7
5.29996 7.76 5.20968 7
5.29677 7.78 5.20565 7
22
5.30117 7.86 5.21169 7
5.28444 7.66 5.18145 7
5.29476 7.74 5.20363 7
23
5.31004 7.78 5.19153 7
5.28524 7.74 5.21774 7
5.30262 7.76 5.19355 7
24
5.30601 7.7 5.20161 7
5.29004 7.64 5.16129 7
5.2846 7.76 5.19153 7
25
5.29508 7.66 5.13105 7
5.29508 7.76 5.18347 7
5.28657 7.66 5.15927 7
26
5.30056 7.72 5.21371 7
5.28992 7.64 5.20363 7
5.30069 7.58 5.20565 7
27
5.3131 7.76 5.22984 7
5.30585 7.68 5.21774 7
5.31742 7.82 5.22782 7
28
5.33028 7.72 5.23992 7
5.31746 7.66 5.24194 7
5.31222 7.68 5.19355 7
29
5.33431 7.66 5.24597 7
5.31411 7.76 5.2379 7
5.30323 7.7 5.17339 7
30
5.33794 7.74 5.23185 7
5.30476 7.96 5.17137 7
5.29315 7.94 5.14718 7
31
5.35617 7.66 5.27016 7
5.29512 7.92 5.15524 7
5.35512 7.78 5.2621 7
32
5.37065 7.72 5.25806 7
5.28984 7.86 5.14919 7
5.33375 7.84 5.08669 7
33
5.38516 7.78 5.29839 7
5.30306 7.96 5.11694 7
5.37431 7.8 5.27016 7
34
5.38806 7.76 5.27016 7
5.36105 7.94 5.1996 7
5.38363 7.82 5.29637 7
35
5.40125 7.78 5.30242 7
5.35234 7.94 5.22379 7
5.30956 7.94 5.14718 7
36
5.4206 7.76 5.32661 7
5.35556 7.96 5.26008 7
5.36673 7.82 5.22177 7
37
5.41794 7.78 5.33065 7
5.37806 7.96 5.24597 7
5.4225 7.86 5.33871 7
38
5.44222 7.84 5.32258 7
5.39746 7.88 5.22984 7
5.43 7.86 5.33065 7
39
5.46444 7.88 5.32056 7
5.41161 7.86 5.30645 7
5.43004 7.96 5.30645 7
40
5.46024 7.82 5.3246 7
5.43927 7.92 5.27016 7
5.44927 7.84 5.34073 7
41
5.48899 7.84 5.35282 7
5.44153 7.96 5.26815 7
5.46073 7.96 5.37097 7
42
5.50702 7.94 5.41129 7
5.46528 8.02 5.36694 7
5.48407 7.98 5.38105 7
43
5.5006 7.88 5.38105 7
5.48677 8.02 5.39113 7
5.4904 7.9 5.43145 7
44
5.52214 7.96 5.43548 7
5.49379 7.98 5.37097 7
5.47347 8 5.37298 8
45
5.53597 7.92 5.42742 7
5.50109 8.02 5.39919 7
5.45185 8 5.33468 7
46
5.54488 7.92 5.4879 7
5.53399 8.04 5.42339 8
5.53323 7.96 5.46573 7
47
5.55286 7.98 5.46573 7
5.53403 8.04 5.4254 7
5.54125 8.02 5.4496 8
48
5.57044 7.96 5.5 7
5.54165 8 5.38105 7
5.55484 7.98 5.40121 7
49
5.57758 7.92 5.51815 7
5.57137 8.04 5.42137 7
5.5606 8 5.48185 7
50
5.59363 8 5.5121 7
5.56081 8.04 5.42742 8
5.5619 8 5.49597 8
51
5.60923 7.96 5.53226 7
5.58863 8 5.45161 8
5.59645 8.02 5.50605 8
52
5.6352 8.04 5.55242 8
5.59222 8.04 5.44355 8
5.59996 8.04 5.48387 8
53
5.61992 8 5.52218 8
5.61827 8.06 5.52016 8
5.60996 8 5.51008 8
54
5.64423 8.02 5.57863 8
5.63238 8.08 5.50202 8
5.6079 8.04 5.5 8
55
5.65254 8.04 5.56452 8
5.64528 8.14 5.52823 8
5.64923 8.04 5.58871 8
56
5.66919 8 5.59476 8
5.66315 8.06 5.5 8
5.66508 8.04 5.59274 7
57
5.67944 8.04 5.60685 8
5.67621 8.04 5.51008 8
5.66548 8.06 5.59879 8
58
5.6921 8.04 5.60685 8
5.68581 8.04 5.60685 8
5.67399 8.04 5.56048 8
59
5.71093 8.02 5.63911 8
5.67802 8.04 5.58669 8
5.7125 8.06 5.625 8
60
5.71056 8.02 5.625 8
5.68331 8.06 5.59476 8
5.71504 8.04 5.64315 8
61
5.71976 8.06 5.65927 8
5.70714 8.14 5.62702 8
5.7281 8.04 5.65927 8
62
5.73641 8.04 5.6371 8
5.71492 8.06 5.54435 8
5.74367 8.04 5.66129 8
63
5.74117 8.02 5.67137 8
5.7356 8.02 5.53024 8
5.71472 8.08 5.62702 8
64
5.76375 8.04 5.6754 8
5.75484 8.08 5.64516 8
5.7569 8.1 5.66129 8
65
5.77464 8.06 5.68548 8
5.75101 8.08 5.56855 8
5.75452 8.02 5.56855 8
66
5.78113 8.12 5.69153 8
5.75536 8.08 5.57258 8
5.76202 8.04 5.66734 8
67
5.7998 8.06 5.72379 8
5.76988 8.06 5.59274 8
5.79302 8.14 5.70565 8
68
5.80661 8.06 5.73387 8
5.80484 8.04 5.68952 8
5.77278 8.08 5.68952 8
69
5.81121 8 5.71573 7
5.79851 8.16 5.65927 8
5.81065 8.06 5.72782 8
70
5.82185 8.06 5.7379 8
5.80044 8.12 5.63105 8
5.8131 8.1 5.71976 8
71
5.83629 8.08 5.76815 8
5.81548 8.14 5.63306 8
5.82411 8.02 5.75403 8
72
5.83181 8.08 5.73185 8
5.82883 8.2 5.74395 8
5.8325 8.14 5.76815 8
73
5.85802 8.1 5.76815 8
5.82472 8.16 5.5121 8
5.83766 8.12 5.74798 8
74
5.8646 8.16 5.78629 8
5.84935 8.22 5.7621 8
5.86508 8.12 5.76815 8
75
5.87085 8.06 5.79032 8
5.84726 8.22 5.70363 8
5.85569 8.1 5.76008 8
76
5.88185 8.12 5.78629 8
5.86516 8.14 5.72782 8
5.85819 8.12 5.79032 8
77
5.89419 8.18 5.83065 8
5.86996 8.12 5.72379 8
5.8819 8.06 5.79234 8
78
5.90343 8.2 5.81653 8
5.8854 8.18 5.73387 8
5.89569 8.1 5.8125 8
79
5.91472 8.14 5.85081 8
5.88835 8.28 5.74395 8
5.90315 8.06 5.81653 8
80
5.92552 8.06 5.86895 8
5.90468 8.28 5.77419 8
5.89794 8.1 5.80847 8
81
5.93125 8.12 5.84879 8
5.90935 8.2 5.69556 8
5.91161 8.08 5.85484 8
82
5.93669 8.1 5.85887 8
5.91673 8.26 5.78831 8
5.94149 8.06 5.86895 8
83
5.95577 8.18 5.88105 8
5.93444 8.28 5.71371 8
5.95056 8.12 5.86694 8
84
5.95746 8.16 5.88306 8
5.9327 8.26 5.74194 8
5.93278 8.22 5.85887 8
85
5.96532 8.14 5.90323 8
5.94641 8.2 5.74395 8
5.96129 8.28 5.90726 8
86
5.9754 8.26 5.91734 8
5.95379 8.24 5.70968 8
5.97274 8.1 5.90524 8
87
5.97976 8.16 5.92339 8
5.94899 8.32 5.74798 8
5.98339 8.14 5.89113 8
88
6.00161 8.28 5.91734 8
5.97125 8.24 5.80242 8
5.97581 8.26 5.84879 8
89
6.00097 8.22 5.92137 8
5.98956 8.36 5.88508 8
5.9852 8.28 5.92944 8
90
6.00065 8.3 5.92137 8
5.98569 8.24 5.74597 8
5.99524 8.32 5.95766 8
91
6.01827 8.28 5.92944 8
5.98653 8.4 5.79435 8
6.00581 8.24 5.92944 8
92
6.03218 8.34 5.93952 8
6.01141 8.4 5.86694 8
6.00319 8.22 5.91331 8
93
6.02468 8.34 5.96573 8
6.00774 8.32 5.87097 8
6.02935 8.22 5.9496 8
94
6.03577 8.32 5.95565 8
6.03371 8.5 5.89919 8
6.01742 8.26 5.94758 8
95
6.05145 8.44 5.97581 8
6.03327 8.36 5.90121 8
6.03827 8.28 5.96774 8
96
6.05923 8.34 5.95766 8
6.05754 8.36 5.91129 8
6.05609 8.46 5.9879 8
97
6.06 8.3 6.01008 8
6.03944 8.52 5.82661 8
6.05722 8.32 5.98589 8
98
6.0723 8.4 5.96976 8
6.04629 8.36 5.84879 8
6.05714 8.26 5.92944 8
99
6.08972 8.4 5.99194 8
6.04452 8.5 5.89315 8
6.06387 8.24 5.98992 8
100
6.08653 8.52 6.0121 8
6.0704 8.5 5.86492 8
6.07306 8.4 5.97984 8
101
6.08508 8.48 6.0121 8
6.0602 8.52 5.85484 8
6.08948 8.46 5.94355 8
102
6.10069 8.5 6.04435 8
6.07165 8.56 5.86895 8
6.10105 8.58 6.02016 8
103
6.10976 8.36 6.01613 8
6.08875 8.62 5.8004 8
6.10786 8.5 6.02218 8
104
6.12056 8.6 6.05444 8
6.09871 8.5 5.98185 8
6.11093 8.46 6.04839 8
105
6.12246 8.48 6.05242 8
6.09698 8.64 5.93145 8
6.11504 8.58 6.02218 8
106
6.13206 8.42 6.0504 8
6.10032 8.5 5.89315 8
6.11613 8.42 5.98185 8
107
6.13774 8.6 6.06048 8
6.12661 8.62 5.9879 8
6.11984 8.48 6.03831 8
108
6.14456 8.42 6.0504 8
6.10548 8.82 5.86694 8
6.13097 8.5 5.86694 8
109
6.14532 8.6 6.0746 8
6.12008 8.72 5.87298 8
6.14762 8.54 6.06653 8
110
6.15702 8.58 6.11089 8
6.12786 8.68 5.88911 8
6.15706 8.62 6.04435 8
111
6.16278 8.62 6.09274 8
6.12355 8.7 5.93145 8
6.17415 8.58 6.08871 8
112
6.17198 8.62 6.08065 8
6.14391 8.74 5.96774 8
6.16391 8.68 6.09677 8
113
6.18903 8.62 6.09073 8
6.14819 8.82 5.99395 8
6.17593 8.68 6.10685 8
114
6.18915 8.66 6.10887 8
6.14403 8.72 5.89919 8
6.17984 8.56 6.11492 8
115
6.18899 8.7 6.07056 8
6.15657 8.86 6.03226 8
6.18266 8.58 6.13105 8
116
6.19923 8.7 6.11895 8
6.16194 8.88 5.85282 8
6.19911 8.68 6.14516 8
117
6.21036 8.68 6.06048 8
6.18339 8.82 6.0504 8
6.1994 8.64 6.14718 8
118
6.21206 8.68 6.17339 8
6.17577 8.76 5.89315 8
6.19629 8.68 6.11089 8
119
6.21956 8.74 6.16734 8
6.18843 8.8 6.02621 8
6.21645 8.78 6.16734 8
120
6.22968 8.82 6.1754 8
6.19492 8.82 6.00202 8
6.22109 8.68 6.13911 8
