s: 25 h: 32 r: 4
N:100 minT:0 maxT:1000 seed:1
n(number of annealings) 10 range 5

avg_haspl avg_diam min_haspl min_diam
25
5.59516 8.1 5.51008 7
5.58206 8.6 5.39919 8
5.4619 8.3 5.29839 8
26
5.67359 8.7 5.49395 8
5.61633 9.1 5.33065 8
5.45665 8.4 5.32258 8
27
5.67984 8.4 5.43347 8
5.51351 8.5 5.42742 8
5.46331 8.6 5.32863 8
28
5.63347 8.4 5.53226 8
5.53065 8.6 5.31653 8
5.40544 8.4 5.31653 8
29
5.58448 8 5.44355 7
5.45524 8.6 5.32056 8
5.54758 8.3 5.41331 8
30
5.74637 8.4 5.53024 8
5.40363 8.2 5.2621 7
5.41976 8 5.20968 7
