type : directed1
s 51 h 80 r 6
counts 2912
7 4.842089
7 4.842089
7 4.842089
7 4.842089
7 4.836392
7 4.830063
7 4.810443
6 4.805063
6 4.793987
6 4.789873
6 4.789873
6 4.789873
6 4.789873
6 4.789873
6 4.779114
6 4.770570
6 4.767722
6 4.753481
6 4.753481
6 4.753481
6 4.753481
6 4.753481
6 4.753481
6 4.753481
6 4.753481
6 4.753481
6 4.753481
6 4.753481
6 4.742405
6 4.740823
6 4.740823
6 4.740823
6 4.740823
6 4.740823
6 4.740823
6 4.740823
6 4.740823
6 4.740823
6 4.740823
6 4.740823
6 4.740823
6 4.740823
6 4.740823
6 4.740823
6 4.740823
6 4.740823
6 4.740823
6 4.740823
6 4.740823
6 4.740823
6 4.740823
6 4.740823
6 4.740823
6 4.739873
6 4.739873
6 4.739873
6 4.739873
6 4.739873
6 4.739873
6 4.739873
6 4.737025
6 4.737025
6 4.737025
6 4.737025
6 4.737025
6 4.737025
6 4.733861
6 4.733861
6 4.733861
6 4.733861
6 4.733861
6 4.733861
6 4.733861
6 4.733861
6 4.733861
6 4.733861
6 4.733861
6 4.733861
6 4.733861
6 4.733861
6 4.733861
6 4.732911
6 4.732911
6 4.732911
6 4.732911
6 4.732911
6 4.732911
6 4.730063
6 4.730063
6 4.730063
6 4.730063
6 4.730063
6 4.730063
6 4.730063
6 4.726582
6 4.726582
6 4.726582
6 4.726582
6 4.726582
6 4.726582
6 4.726582
6 4.726582
6 4.726582
6 4.726582
6 4.726582
6 4.726582
6 4.726582
6 4.726582
6 4.726582
6 4.724051
6 4.724051
6 4.724051
6 4.724051
6 4.724051
6 4.724051
6 4.724051
6 4.724051
6 4.724051
6 4.724051
6 4.722152
6 4.722152
6 4.722152
6 4.722152
6 4.722152
6 4.722152
6 4.722152
6 4.717722
6 4.717722
6 4.717722
6 4.717405
6 4.717405
6 4.717405
6 4.717405
6 4.717405
6 4.717405
6 4.717405
6 4.713924
6 4.711076
6 4.711076
6 4.711076
6 4.711076
6 4.711076
6 4.711076
6 4.711076
6 4.711076
6 4.711076
6 4.711076
6 4.711076
6 4.711076
6 4.711076
6 4.711076
6 4.711076
6 4.711076
6 4.711076
6 4.711076
6 4.711076
6 4.711076
6 4.711076
6 4.711076
6 4.711076
6 4.711076
6 4.711076
6 4.702215
6 4.701582
6 4.701582
6 4.701582
6 4.701582
6 4.701582
6 4.701582
6 4.701582
6 4.701582
6 4.701582
6 4.701582
6 4.701582
6 4.701582
6 4.700949
6 4.700949
6 4.700949
6 4.700949
6 4.700949
6 4.700949
6 4.700949
6 4.700316
6 4.699051
6 4.699051
6 4.699051
6 4.699051
6 4.699051
6 4.699051
6 4.699051
6 4.699051
6 4.699051
6 4.699051
6 4.699051
6 4.699051
6 4.699051
6 4.699051
6 4.699051
6 4.699051
6 4.699051
6 4.699051
6 4.699051
6 4.699051
6 4.699051
6 4.699051
6 4.699051
6 4.699051
6 4.699051
6 4.699051
6 4.699051
6 4.699051
6 4.699051
6 4.699051
6 4.699051
6 4.699051
6 4.699051
6 4.699051
6 4.699051
6 4.696519
6 4.696519
6 4.696519
6 4.696519
6 4.696519
6 4.696519
6 4.696519
6 4.696519
6 4.696519
6 4.696519
6 4.693671
6 4.693671
6 4.693671
6 4.693671
6 4.693671
6 4.693671
6 4.693671
6 4.693671
6 4.693671
6 4.693671
6 4.693671
6 4.693671
6 4.693671
6 4.693671
6 4.693671
6 4.693671
6 4.693671
6 4.693671
6 4.693671
6 4.693671
6 4.693671
6 4.693671
6 4.693671
6 4.693671
6 4.693671
6 4.693671
6 4.693671
6 4.693671
6 4.693671
6 4.693671
6 4.693671
6 4.693671
6 4.693671
6 4.693671
6 4.693671
6 4.693671
6 4.693671
6 4.693671
6 4.693671
6 4.693671
6 4.693671
6 4.693671
6 4.693671
6 4.693671
6 4.693671
6 4.693671
6 4.693671
6 4.693671
6 4.693671
6 4.693671
6 4.693671
6 4.693671
6 4.693671
6 4.693671
6 4.693671
6 4.693671
6 4.693671
6 4.693671
6 4.693671
6 4.693671
6 4.693671
6 4.693671
6 4.693671
6 4.693671
6 4.693671
6 4.693671
6 4.689557
6 4.689557
6 4.689557
6 4.689557
6 4.689557
6 4.689557
6 4.687975
6 4.687975
6 4.687975
6 4.687975
6 4.687975
6 4.687975
6 4.687975
6 4.687975
6 4.687975
6 4.687975
6 4.687975
6 4.687975
6 4.687975
6 4.687975
6 4.687975
6 4.687342
6 4.687342
6 4.687342
6 4.687342
6 4.687342
6 4.687342
6 4.687342
6 4.687342
6 4.687342
6 4.687342
6 4.687342
6 4.687342
6 4.687342
6 4.687342
6 4.687342
6 4.687342
6 4.687342
6 4.687342
6 4.687342
6 4.687342
6 4.687342
6 4.687342
6 4.687342
6 4.687342
6 4.682911
6 4.682911
6 4.682911
6 4.682911
6 4.682911
6 4.682911
6 4.682911
6 4.682911
6 4.682595
6 4.682595
6 4.682595
6 4.682595
6 4.682595
6 4.682595
6 4.682595
6 4.682595
6 4.682595
6 4.682595
6 4.682595
6 4.682595
6 4.682595
6 4.682595
6 4.682595
6 4.682595
6 4.682595
6 4.682595
6 4.682595
6 4.682595
6 4.682595
6 4.682595
6 4.682595
6 4.682595
6 4.682595
6 4.682278
6 4.682278
6 4.682278
6 4.682278
6 4.682278
6 4.682278
6 4.682278
6 4.682278
6 4.682278
6 4.682278
6 4.682278
6 4.682278
6 4.680696
6 4.680696
6 4.680696
6 4.680696
6 4.680696
6 4.680696
6 4.680696
6 4.680696
6 4.680696
6 4.680696
6 4.680696
6 4.680696
6 4.680696
6 4.680696
6 4.680696
6 4.680696
6 4.680696
6 4.680696
6 4.680696
6 4.672785
6 4.672785
6 4.672785
6 4.672785
6 4.672785
6 4.672785
6 4.672785
6 4.672785
6 4.672785
6 4.672785
6 4.672785
6 4.672785
6 4.670886
6 4.670886
6 4.670886
6 4.670886
6 4.670886
6 4.670886
6 4.670886
6 4.670886
6 4.670886
6 4.670886
6 4.670886
6 4.670886
6 4.670886
6 4.670886
6 4.670886
6 4.670886
6 4.670886
6 4.670886
6 4.670886
6 4.670886
6 4.670886
6 4.670886
6 4.670886
6 4.670886
6 4.670886
6 4.670886
6 4.670886
6 4.670886
6 4.670886
6 4.670886
6 4.670886
6 4.670886
6 4.670886
6 4.670886
6 4.670886
6 4.670886
6 4.670886
6 4.670886
6 4.670886
6 4.670886
6 4.670886
6 4.670886
6 4.670886
6 4.670886
6 4.670886
6 4.670886
6 4.670886
6 4.670886
6 4.670886
6 4.670886
6 4.670886
6 4.670886
6 4.670886
6 4.670886
6 4.670886
6 4.670886
6 4.670886
6 4.670886
6 4.670886
6 4.670886
6 4.670886
6 4.670886
6 4.670886
6 4.670886
6 4.670886
6 4.670886
6 4.670886
6 4.670886
6 4.670886
6 4.670886
6 4.670886
6 4.670886
6 4.670886
6 4.670886
6 4.670886
6 4.670886
6 4.670886
6 4.670886
6 4.670886
6 4.670886
6 4.670886
6 4.670886
6 4.670886
6 4.670886
6 4.670886
6 4.670886
6 4.670886
6 4.670886
6 4.670886
6 4.670886
6 4.670886
6 4.670886
6 4.670886
6 4.670886
6 4.670570
6 4.666456
6 4.666456
6 4.666456
6 4.666456
6 4.666456
6 4.666456
6 4.666456
6 4.666456
6 4.666456
6 4.666456
6 4.666456
6 4.666456
6 4.661392
6 4.661392
6 4.661392
6 4.661392
6 4.661392
6 4.661392
6 4.661392
6 4.661392
6 4.661392
6 4.661392
6 4.661392
6 4.661392
6 4.661392
6 4.661392
6 4.661392
6 4.661392
6 4.661392
6 4.661392
6 4.661392
6 4.661392
6 4.661392
6 4.661392
6 4.661392
6 4.661392
6 4.661392
6 4.661392
6 4.661392
6 4.661392
6 4.661392
6 4.661392
6 4.661392
6 4.661392
6 4.661392
6 4.661392
6 4.661392
6 4.661392
6 4.661392
6 4.661392
6 4.661392
6 4.661392
6 4.661392
6 4.661392
6 4.661392
6 4.661392
6 4.661392
6 4.661392
6 4.661392
6 4.661392
6 4.661392
6 4.661392
6 4.661392
6 4.661392
6 4.661392
6 4.661392
6 4.661392
6 4.661392
6 4.661392
6 4.661392
6 4.661392
6 4.661392
6 4.661392
6 4.661392
6 4.661392
6 4.661392
6 4.661392
6 4.661392
6 4.661392
6 4.661392
6 4.661392
6 4.661392
6 4.661392
6 4.661392
6 4.661392
6 4.661392
6 4.661392
6 4.661392
6 4.661392
6 4.661392
6 4.661392
6 4.661392
6 4.661392
6 4.661392
6 4.661392
6 4.661392
6 4.661392
6 4.661392
6 4.661392
6 4.661392
6 4.661392
6 4.661392
6 4.661392
6 4.661392
6 4.661392
6 4.661392
6 4.661392
6 4.661392
6 4.661392
6 4.661392
6 4.661392
6 4.661392
6 4.661392
6 4.661392
6 4.661392
6 4.661392
6 4.661392
6 4.661392
6 4.661392
6 4.661392
6 4.661392
6 4.661392
6 4.661392
6 4.661392
6 4.661392
6 4.661392
6 4.661392
6 4.661392
6 4.661392
6 4.661392
6 4.661392
6 4.661392
6 4.661392
6 4.661392
6 4.661392
6 4.661392
6 4.661392
6 4.661392
6 4.661392
6 4.661392
6 4.661392
6 4.661392
6 4.661392
6 4.661392
6 4.661392
6 4.661392
6 4.661392
6 4.661392
6 4.661392
6 4.661392
6 4.661392
6 4.661392
6 4.661392
6 4.661392
6 4.661392
6 4.661392
6 4.661392
6 4.661392
6 4.661392
6 4.661392
6 4.661392
6 4.661392
6 4.661392
6 4.661392
6 4.661392
6 4.661392
6 4.661392
6 4.661392
6 4.661392
6 4.661392
6 4.661392
6 4.661392
6 4.661392
6 4.661392
6 4.661392
6 4.661392
6 4.661392
6 4.661392
6 4.661392
6 4.661392
6 4.661392
6 4.661392
6 4.661392
6 4.661392
6 4.661392
6 4.661392
6 4.661392
6 4.661392
6 4.661392
6 4.661392
6 4.661392
6 4.661392
6 4.661392
6 4.661392
6 4.661392
6 4.661392
6 4.661392
6 4.661392
6 4.661392
6 4.661392
6 4.661392
6 4.661392
6 4.661392
6 4.661392
6 4.661392
6 4.661392
6 4.661392
6 4.661392
6 4.661392
6 4.660127
6 4.660127
6 4.660127
6 4.660127
6 4.660127
6 4.660127
6 4.660127
6 4.660127
6 4.660127
6 4.660127
6 4.660127
6 4.660127
6 4.660127
6 4.660127
6 4.660127
6 4.660127
6 4.660127
6 4.660127
6 4.660127
6 4.660127
6 4.660127
6 4.660127
6 4.660127
6 4.660127
6 4.660127
6 4.660127
6 4.660127
6 4.660127
6 4.660127
6 4.660127
6 4.660127
6 4.660127
6 4.660127
6 4.660127
6 4.660127
6 4.660127
6 4.660127
6 4.660127
6 4.660127
6 4.660127
6 4.660127
6 4.660127
6 4.660127
6 4.660127
6 4.660127
6 4.660127
6 4.660127
6 4.660127
6 4.660127
6 4.660127
6 4.660127
6 4.660127
6 4.660127
6 4.660127
6 4.660127
6 4.660127
6 4.660127
6 4.660127
6 4.660127
6 4.660127
6 4.660127
6 4.660127
6 4.660127
6 4.660127
6 4.660127
6 4.660127
6 4.660127
6 4.660127
6 4.660127
6 4.660127
6 4.660127
6 4.660127
6 4.660127
6 4.660127
6 4.660127
6 4.660127
6 4.660127
6 4.660127
6 4.660127
6 4.660127
6 4.660127
6 4.660127
6 4.660127
6 4.660127
6 4.660127
6 4.660127
6 4.660127
6 4.660127
6 4.660127
6 4.660127
6 4.660127
6 4.660127
6 4.660127
6 4.660127
6 4.660127
6 4.660127
6 4.660127
6 4.660127
6 4.660127
6 4.660127
6 4.660127
6 4.660127
6 4.660127
6 4.660127
6 4.660127
6 4.660127
6 4.660127
6 4.660127
6 4.660127
6 4.660127
6 4.660127
6 4.660127
6 4.660127
6 4.660127
6 4.660127
6 4.660127
6 4.660127
6 4.660127
6 4.660127
6 4.660127
6 4.660127
6 4.660127
6 4.660127
6 4.660127
6 4.660127
6 4.660127
6 4.660127
6 4.660127
6 4.660127
6 4.660127
6 4.660127
6 4.660127
6 4.660127
6 4.660127
6 4.660127
6 4.660127
6 4.660127
6 4.660127
6 4.660127
6 4.660127
6 4.660127
6 4.660127
6 4.660127
6 4.660127
6 4.660127
6 4.660127
6 4.660127
6 4.660127
6 4.660127
6 4.660127
6 4.660127
6 4.660127
6 4.660127
6 4.660127
6 4.660127
6 4.660127
6 4.660127
6 4.660127
6 4.660127
6 4.660127
6 4.660127
6 4.660127
6 4.660127
6 4.660127
6 4.660127
6 4.660127
6 4.660127
6 4.660127
6 4.660127
6 4.660127
6 4.660127
6 4.660127
6 4.660127
6 4.660127
6 4.660127
6 4.660127
6 4.660127
6 4.660127
6 4.660127
6 4.660127
6 4.660127
6 4.660127
6 4.660127
6 4.660127
6 4.660127
6 4.660127
6 4.660127
6 4.660127
6 4.660127
6 4.660127
6 4.660127
6 4.660127
6 4.660127
6 4.660127
6 4.660127
6 4.660127
6 4.660127
6 4.660127
6 4.660127
6 4.660127
6 4.660127
6 4.660127
6 4.660127
6 4.659177
6 4.659177
6 4.659177
6 4.659177
6 4.659177
6 4.659177
6 4.659177
6 4.659177
6 4.659177
6 4.659177
6 4.659177
6 4.659177
6 4.659177
6 4.659177
6 4.659177
6 4.659177
6 4.659177
6 4.659177
6 4.659177
6 4.659177
6 4.659177
6 4.659177
6 4.659177
6 4.659177
6 4.659177
6 4.659177
6 4.659177
6 4.659177
6 4.659177
6 4.659177
6 4.659177
6 4.659177
6 4.659177
6 4.659177
6 4.659177
6 4.659177
6 4.659177
6 4.659177
6 4.659177
6 4.659177
6 4.659177
6 4.659177
6 4.659177
6 4.659177
6 4.659177
6 4.659177
6 4.659177
6 4.659177
6 4.658544
6 4.658544
6 4.658544
6 4.658544
6 4.656646
6 4.656646
6 4.656646
6 4.656646
6 4.656646
6 4.656646
6 4.656646
6 4.656646
6 4.656646
6 4.656646
6 4.656646
6 4.656329
6 4.656329
6 4.656329
6 4.656329
6 4.656329
6 4.656329
6 4.656329
6 4.656329
6 4.656329
6 4.656329
6 4.656329
6 4.656329
6 4.656329
6 4.656329
6 4.656329
6 4.656329
6 4.656329
6 4.656329
6 4.656329
6 4.656329
6 4.656329
6 4.656329
6 4.656329
6 4.656329
6 4.656329
6 4.656329
6 4.656329
6 4.656329
6 4.656329
6 4.656329
6 4.656329
6 4.656329
6 4.656329
6 4.656329
6 4.656329
6 4.656329
6 4.656329
6 4.656329
6 4.656329
6 4.656329
6 4.656329
6 4.656329
6 4.656329
6 4.656329
6 4.656329
6 4.656329
6 4.656329
6 4.656329
6 4.656329
6 4.656329
6 4.656329
6 4.656329
6 4.656329
6 4.656329
6 4.656329
6 4.656329
6 4.656329
6 4.656329
6 4.656329
6 4.656329
6 4.656329
6 4.656329
6 4.656329
6 4.656329
6 4.656329
6 4.656329
6 4.656329
6 4.656329
6 4.656329
6 4.656329
6 4.656329
6 4.656329
6 4.656329
6 4.656329
6 4.656329
6 4.656329
6 4.656329
6 4.656329
6 4.656329
6 4.656329
6 4.656329
6 4.656329
6 4.656013
6 4.656013
6 4.656013
6 4.656013
6 4.656013
6 4.656013
6 4.656013
6 4.656013
6 4.656013
6 4.656013
6 4.656013
6 4.656013
6 4.656013
6 4.656013
6 4.656013
6 4.656013
6 4.656013
6 4.656013
6 4.656013
6 4.656013
6 4.656013
6 4.656013
6 4.656013
6 4.656013
6 4.656013
6 4.656013
6 4.656013
6 4.656013
6 4.656013
6 4.656013
6 4.656013
6 4.656013
6 4.656013
6 4.656013
6 4.656013
6 4.656013
6 4.656013
6 4.656013
6 4.656013
6 4.656013
6 4.656013
6 4.656013
6 4.656013
6 4.656013
6 4.656013
6 4.656013
6 4.656013
6 4.656013
6 4.654114
6 4.654114
6 4.654114
6 4.654114
6 4.654114
6 4.654114
6 4.654114
6 4.654114
6 4.654114
6 4.654114
6 4.654114
6 4.654114
6 4.654114
6 4.654114
6 4.654114
6 4.654114
6 4.654114
6 4.654114
6 4.654114
6 4.654114
6 4.654114
6 4.654114
6 4.654114
6 4.654114
6 4.654114
6 4.654114
6 4.654114
6 4.654114
6 4.654114
6 4.654114
6 4.654114
6 4.654114
6 4.654114
6 4.654114
6 4.654114
6 4.654114
6 4.654114
6 4.654114
6 4.654114
6 4.654114
6 4.654114
6 4.654114
6 4.654114
6 4.654114
6 4.654114
6 4.654114
6 4.654114
6 4.654114
6 4.654114
6 4.654114
6 4.654114
6 4.654114
6 4.654114
6 4.654114
6 4.654114
6 4.654114
6 4.654114
6 4.654114
6 4.654114
6 4.654114
6 4.654114
6 4.654114
6 4.654114
6 4.654114
6 4.654114
6 4.654114
6 4.654114
6 4.654114
6 4.654114
6 4.654114
6 4.654114
6 4.654114
6 4.654114
6 4.654114
6 4.654114
6 4.654114
6 4.654114
6 4.654114
6 4.654114
6 4.654114
6 4.654114
6 4.654114
6 4.654114
6 4.654114
6 4.654114
6 4.654114
6 4.654114
6 4.654114
6 4.654114
6 4.654114
6 4.654114
6 4.654114
6 4.654114
6 4.654114
6 4.654114
6 4.654114
6 4.654114
6 4.654114
6 4.654114
6 4.654114
6 4.654114
6 4.654114
6 4.654114
6 4.654114
6 4.654114
6 4.654114
6 4.654114
6 4.654114
6 4.654114
6 4.654114
6 4.654114
6 4.654114
6 4.654114
6 4.654114
6 4.654114
6 4.654114
6 4.654114
6 4.654114
6 4.654114
6 4.654114
6 4.654114
6 4.654114
6 4.654114
6 4.654114
6 4.654114
6 4.654114
6 4.654114
6 4.654114
6 4.654114
6 4.654114
6 4.654114
6 4.654114
6 4.654114
6 4.654114
6 4.654114
6 4.654114
6 4.654114
6 4.654114
6 4.654114
6 4.654114
6 4.654114
6 4.654114
6 4.654114
6 4.654114
6 4.654114
6 4.654114
6 4.654114
6 4.654114
6 4.654114
6 4.654114
6 4.654114
6 4.654114
6 4.654114
6 4.654114
6 4.654114
6 4.654114
6 4.654114
6 4.654114
6 4.654114
6 4.654114
6 4.654114
6 4.654114
6 4.654114
6 4.654114
6 4.654114
6 4.654114
6 4.654114
6 4.654114
6 4.654114
6 4.654114
6 4.654114
6 4.654114
6 4.654114
6 4.654114
6 4.654114
6 4.654114
6 4.654114
6 4.654114
6 4.654114
6 4.654114
6 4.654114
6 4.654114
6 4.654114
6 4.654114
6 4.654114
6 4.654114
6 4.654114
6 4.654114
6 4.654114
6 4.654114
6 4.654114
6 4.654114
6 4.654114
6 4.654114
6 4.654114
6 4.654114
6 4.654114
6 4.654114
6 4.654114
6 4.654114
6 4.654114
6 4.654114
6 4.654114
6 4.654114
6 4.654114
6 4.654114
6 4.654114
6 4.654114
6 4.654114
6 4.654114
6 4.654114
6 4.654114
6 4.654114
6 4.654114
6 4.654114
6 4.654114
6 4.654114
6 4.654114
6 4.654114
6 4.654114
6 4.654114
6 4.654114
6 4.654114
6 4.654114
6 4.654114
6 4.654114
6 4.654114
6 4.654114
6 4.654114
6 4.654114
6 4.654114
6 4.654114
6 4.654114
6 4.654114
6 4.654114
6 4.654114
6 4.654114
6 4.654114
6 4.654114
6 4.654114
6 4.654114
6 4.654114
6 4.654114
6 4.654114
6 4.654114
6 4.654114
6 4.654114
6 4.654114
6 4.653797
6 4.653797
6 4.653797
6 4.653797
6 4.653797
6 4.653797
6 4.653797
6 4.653797
6 4.653797
6 4.653797
6 4.653797
6 4.653797
6 4.653797
6 4.653797
6 4.653797
6 4.653797
6 4.653797
6 4.653797
6 4.653797
6 4.653797
6 4.653797
6 4.653797
6 4.653797
6 4.653797
6 4.653797
6 4.653797
6 4.653797
6 4.653797
6 4.653797
6 4.653797
6 4.653797
6 4.653797
6 4.653797
6 4.653797
6 4.653797
6 4.653797
6 4.653797
6 4.653797
6 4.653797
6 4.653797
6 4.653797
6 4.653797
6 4.653797
6 4.653797
6 4.653797
6 4.653797
6 4.653797
6 4.653797
6 4.653797
6 4.653797
6 4.653797
6 4.653797
6 4.653481
6 4.653481
6 4.653481
6 4.653481
6 4.653481
6 4.653481
6 4.653481
6 4.653481
6 4.653481
6 4.653481
6 4.653481
6 4.653481
6 4.653481
6 4.653481
6 4.653481
6 4.653481
6 4.653481
6 4.653481
6 4.653481
6 4.653481
6 4.653481
6 4.653481
6 4.653481
6 4.653481
6 4.653481
6 4.653481
6 4.653481
6 4.653481
6 4.653481
6 4.653481
6 4.653481
6 4.653481
6 4.653481
6 4.653481
6 4.653481
6 4.653481
6 4.653481
6 4.653481
6 4.653481
6 4.653481
6 4.653481
6 4.653481
6 4.653481
6 4.653481
6 4.653481
6 4.653481
6 4.653481
6 4.653481
6 4.653481
6 4.653481
6 4.653481
6 4.653481
6 4.653481
6 4.653481
6 4.653481
6 4.653481
6 4.653481
6 4.653481
6 4.653481
6 4.653481
6 4.653481
6 4.653481
6 4.653481
6 4.653481
6 4.653481
6 4.653481
6 4.653481
6 4.653481
6 4.653481
6 4.653481
6 4.653481
6 4.653481
6 4.653481
6 4.653481
6 4.653481
6 4.653481
6 4.653481
6 4.653481
6 4.653481
6 4.653481
6 4.653481
6 4.653481
6 4.653481
6 4.653481
6 4.653481
6 4.653165
6 4.653165
6 4.653165
6 4.653165
6 4.653165
6 4.653165
6 4.653165
6 4.653165
6 4.653165
6 4.653165
6 4.653165
6 4.653165
6 4.653165
6 4.653165
6 4.653165
6 4.653165
6 4.653165
6 4.653165
6 4.653165
6 4.653165
6 4.653165
6 4.653165
6 4.653165
6 4.653165
6 4.653165
6 4.653165
6 4.653165
6 4.653165
6 4.653165
6 4.653165
6 4.653165
6 4.653165
6 4.653165
6 4.653165
6 4.653165
6 4.653165
6 4.653165
6 4.653165
6 4.653165
6 4.653165
6 4.653165
6 4.653165
6 4.653165
6 4.653165
6 4.653165
6 4.653165
6 4.653165
6 4.653165
6 4.653165
6 4.653165
6 4.653165
6 4.653165
6 4.653165
6 4.653165
6 4.653165
6 4.653165
6 4.653165
6 4.653165
6 4.653165
6 4.653165
6 4.653165
6 4.653165
6 4.653165
6 4.653165
6 4.653165
6 4.653165
6 4.653165
6 4.653165
6 4.653165
6 4.653165
6 4.653165
6 4.653165
6 4.653165
6 4.653165
6 4.653165
6 4.653165
6 4.653165
6 4.653165
6 4.653165
6 4.653165
6 4.653165
6 4.653165
6 4.653165
6 4.653165
6 4.653165
6 4.653165
6 4.653165
6 4.653165
6 4.652532
6 4.652532
6 4.652532
6 4.652532
6 4.652532
6 4.652532
6 4.652532
6 4.652532
6 4.652532
6 4.652532
6 4.652532
6 4.652532
6 4.652532
6 4.652532
6 4.650949
6 4.648418
6 4.648418
6 4.648418
6 4.648418
6 4.648418
6 4.648418
6 4.648418
6 4.648418
6 4.648418
6 4.648418
6 4.648418
6 4.648418
6 4.648418
6 4.648418
6 4.648418
6 4.648418
6 4.648418
6 4.648418
6 4.648418
6 4.648418
6 4.648418
6 4.648418
6 4.648418
6 4.648418
6 4.648418
6 4.648418
6 4.648418
6 4.648418
6 4.648418
6 4.648418
6 4.648418
6 4.648418
6 4.648418
6 4.648418
6 4.648418
6 4.648418
6 4.648418
6 4.648418
6 4.648418
6 4.648418
6 4.648418
6 4.648418
6 4.648418
6 4.648418
6 4.648418
6 4.648418
6 4.648418
6 4.648418
6 4.648418
6 4.648418
6 4.648418
6 4.648418
6 4.648418
6 4.648418
6 4.648418
6 4.648418
6 4.648418
6 4.648418
6 4.648418
6 4.648418
6 4.648418
6 4.648418
6 4.648418
6 4.648418
6 4.648418
6 4.648418
6 4.648418
6 4.648418
6 4.648418
6 4.648418
6 4.648418
6 4.648418
6 4.648418
6 4.648418
6 4.648418
6 4.648418
6 4.648418
6 4.648418
6 4.648418
6 4.648418
6 4.648418
6 4.648418
6 4.648418
6 4.648418
6 4.648418
6 4.648418
6 4.648418
6 4.648418
6 4.648418
6 4.648418
6 4.648418
6 4.648418
6 4.648418
6 4.648418
6 4.648418
6 4.648418
6 4.648418
6 4.648418
6 4.648418
6 4.648418
6 4.648418
6 4.648418
6 4.648418
6 4.648418
6 4.648418
6 4.648418
6 4.648418
6 4.648418
6 4.648418
6 4.648418
6 4.648418
6 4.648418
6 4.648418
6 4.648418
6 4.648418
6 4.648418
6 4.648418
6 4.648418
6 4.648418
6 4.648418
6 4.648418
6 4.648418
6 4.648418
6 4.648418
6 4.648418
6 4.648418
6 4.648418
6 4.648418
6 4.648418
6 4.648418
6 4.648418
6 4.648418
6 4.648418
6 4.648418
6 4.648418
6 4.648418
6 4.644304
6 4.644304
6 4.644304
6 4.644304
6 4.644304
6 4.644304
6 4.644304
6 4.644304
6 4.644304
6 4.644304
6 4.644304
6 4.644304
6 4.644304
6 4.644304
6 4.644304
6 4.644304
6 4.644304
6 4.644304
6 4.644304
6 4.644304
6 4.644304
6 4.644304
6 4.644304
6 4.644304
6 4.644304
6 4.644304
6 4.644304
6 4.644304
6 4.644304
6 4.644304
6 4.644304
6 4.644304
6 4.644304
6 4.644304
6 4.644304
6 4.644304
6 4.644304
6 4.644304
6 4.644304
6 4.644304
6 4.644304
6 4.644304
6 4.644304
6 4.644304
6 4.644304
6 4.644304
6 4.644304
6 4.644304
6 4.644304
6 4.644304
6 4.644304
6 4.644304
6 4.644304
6 4.644304
6 4.644304
6 4.644304
6 4.644304
6 4.644304
6 4.644304
6 4.644304
6 4.644304
6 4.644304
6 4.644304
6 4.644304
6 4.644304
6 4.644304
6 4.644304
6 4.644304
6 4.644304
6 4.644304
6 4.644304
6 4.644304
6 4.644304
6 4.644304
6 4.644304
6 4.644304
6 4.644304
6 4.644304
6 4.644304
6 4.644304
6 4.644304
6 4.644304
6 4.644304
6 4.644304
6 4.644304
6 4.644304
6 4.644304
6 4.644304
6 4.644304
6 4.644304
6 4.644304
6 4.644304
6 4.644304
6 4.644304
6 4.644304
6 4.644304
6 4.644304
6 4.644304
6 4.644304
6 4.644304
6 4.644304
6 4.644304
6 4.644304
6 4.644304
6 4.644304
6 4.644304
6 4.644304
6 4.644304
6 4.644304
6 4.644304
6 4.644304
6 4.644304
6 4.644304
6 4.644304
6 4.644304
6 4.644304
6 4.644304
6 4.644304
6 4.644304
6 4.644304
6 4.644304
6 4.644304
6 4.644304
6 4.644304
6 4.644304
6 4.644304
6 4.644304
6 4.644304
6 4.644304
6 4.644304
6 4.644304
6 4.644304
6 4.644304
6 4.644304
6 4.644304
6 4.644304
6 4.644304
6 4.644304
6 4.644304
6 4.644304
6 4.644304
6 4.644304
6 4.644304
6 4.644304
6 4.644304
6 4.644304
6 4.644304
6 4.644304
6 4.644304
6 4.644304
6 4.644304
6 4.644304
6 4.644304
6 4.644304
6 4.644304
6 4.644304
6 4.644304
6 4.644304
6 4.644304
6 4.644304
6 4.644304
6 4.644304
6 4.644304
6 4.644304
6 4.644304
6 4.644304
6 4.644304
6 4.644304
6 4.644304
6 4.644304
6 4.644304
6 4.644304
6 4.639241
6 4.639241
6 4.639241
6 4.639241
6 4.639241
6 4.639241
6 4.639241
6 4.639241
6 4.639241
6 4.639241
6 4.639241
6 4.639241
6 4.639241
6 4.639241
6 4.639241
6 4.639241
6 4.639241
6 4.639241
6 4.637025
6 4.637025
6 4.637025
6 4.637025
6 4.637025
6 4.637025
6 4.637025
6 4.637025
6 4.637025
6 4.637025
6 4.637025
6 4.637025
6 4.637025
6 4.637025
6 4.637025
6 4.637025
6 4.637025
6 4.637025
6 4.637025
6 4.637025
6 4.637025
6 4.637025
6 4.637025
6 4.637025
6 4.637025
6 4.637025
6 4.637025
6 4.637025
6 4.637025
6 4.637025
6 4.637025
6 4.637025
6 4.637025
6 4.637025
6 4.637025
6 4.637025
6 4.637025
6 4.637025
6 4.637025
6 4.637025
6 4.637025
6 4.637025
6 4.637025
6 4.637025
6 4.637025
6 4.637025
6 4.637025
6 4.637025
6 4.637025
6 4.637025
6 4.637025
6 4.637025
6 4.637025
6 4.637025
6 4.637025
6 4.637025
6 4.637025
6 4.637025
6 4.637025
6 4.637025
6 4.637025
6 4.637025
6 4.637025
6 4.637025
6 4.637025
6 4.637025
6 4.637025
6 4.637025
6 4.637025
6 4.637025
6 4.637025
6 4.637025
6 4.637025
6 4.637025
6 4.637025
6 4.637025
6 4.637025
6 4.637025
6 4.637025
6 4.637025
6 4.637025
6 4.637025
6 4.637025
6 4.637025
6 4.637025
6 4.637025
6 4.637025
6 4.637025
6 4.637025
6 4.637025
6 4.637025
6 4.637025
6 4.637025
6 4.637025
6 4.637025
6 4.637025
6 4.637025
6 4.637025
6 4.637025
6 4.636076
6 4.636076
6 4.636076
6 4.636076
6 4.636076
6 4.636076
6 4.636076
6 4.636076
6 4.636076
6 4.636076
6 4.636076
6 4.636076
6 4.636076
6 4.636076
6 4.636076
6 4.636076
6 4.636076
6 4.636076
6 4.636076
6 4.636076
6 4.636076
6 4.636076
6 4.636076
6 4.636076
6 4.636076
6 4.636076
6 4.636076
6 4.636076
6 4.636076
6 4.636076
6 4.636076
6 4.636076
6 4.636076
6 4.636076
6 4.636076
6 4.636076
6 4.636076
6 4.636076
6 4.636076
6 4.636076
6 4.636076
6 4.636076
6 4.636076
6 4.636076
6 4.636076
6 4.636076
6 4.636076
6 4.636076
6 4.636076
6 4.636076
6 4.636076
6 4.636076
6 4.636076
6 4.636076
6 4.636076
6 4.636076
6 4.636076
6 4.636076
6 4.636076
6 4.636076
6 4.636076
6 4.636076
6 4.636076
6 4.636076
6 4.636076
6 4.636076
6 4.636076
6 4.636076
6 4.636076
6 4.636076
6 4.636076
6 4.636076
6 4.636076
6 4.636076
6 4.636076
6 4.636076
6 4.636076
6 4.636076
6 4.636076
6 4.636076
6 4.636076
6 4.636076
6 4.636076
6 4.636076
6 4.636076
6 4.636076
6 4.636076
6 4.636076
6 4.636076
6 4.636076
6 4.636076
6 4.636076
6 4.636076
6 4.636076
6 4.636076
6 4.636076
6 4.636076
6 4.636076
6 4.636076
6 4.636076
6 4.636076
6 4.636076
6 4.636076
6 4.636076
6 4.636076
6 4.636076
6 4.636076
6 4.636076
6 4.636076
6 4.636076
6 4.636076
6 4.636076
6 4.636076
6 4.636076
6 4.636076
6 4.636076
6 4.636076
6 4.636076
6 4.636076
6 4.636076
6 4.636076
6 4.636076
6 4.636076
6 4.636076
6 4.636076
6 4.636076
6 4.636076
6 4.636076
6 4.636076
6 4.636076
6 4.636076
6 4.636076
6 4.636076
6 4.636076
6 4.636076
6 4.636076
6 4.636076
6 4.636076
6 4.636076
6 4.636076
6 4.636076
6 4.636076
6 4.636076
6 4.636076
6 4.635443
6 4.635443
6 4.635443
6 4.635443
6 4.635443
6 4.635443
6 4.635443
6 4.635443
6 4.635443
6 4.635443
6 4.635443
6 4.635443
6 4.635443
6 4.635443
6 4.635443
6 4.635443
6 4.635443
6 4.635443
6 4.635443
6 4.635443
6 4.635443
6 4.635443
6 4.635443
6 4.635443
6 4.635443
6 4.635443
6 4.635443
6 4.635443
6 4.635443
6 4.635443
6 4.635443
6 4.635443
6 4.635443
6 4.635443
6 4.635443
6 4.635443
6 4.635443
6 4.635443
6 4.635443
6 4.635443
6 4.635443
6 4.635443
6 4.635443
6 4.635443
6 4.635443
6 4.635443
6 4.635443
6 4.635443
6 4.635443
6 4.635443
6 4.635443
6 4.635443
6 4.635443
6 4.635443
6 4.635443
6 4.635443
6 4.635443
6 4.635443
6 4.635443
6 4.635443
6 4.635443
6 4.635443
6 4.635443
6 4.635443
6 4.635443
6 4.635443
6 4.635443
6 4.635443
6 4.635443
6 4.635443
6 4.635443
6 4.635443
6 4.635443
6 4.635443
6 4.635443
6 4.635443
6 4.635443
6 4.635443
6 4.635443
6 4.635443
6 4.635443
6 4.635443
6 4.635443
6 4.635443
6 4.635443
6 4.635443
6 4.635443
6 4.635443
6 4.635443
6 4.635443
6 4.635443
6 4.635443
6 4.635443
6 4.635443
6 4.635443
6 4.635443
6 4.635443
6 4.635443
6 4.635443
6 4.635443
6 4.635443
6 4.635443
6 4.635443
6 4.635443
6 4.635443
6 4.635443
6 4.635443
6 4.635443
6 4.635443
6 4.635443
6 4.635443
6 4.635443
6 4.635443
6 4.635443
6 4.635443
6 4.635443
6 4.635443
6 4.635443
6 4.635443
6 4.635443
6 4.635443
6 4.635443
6 4.635443
6 4.635443
6 4.635443
6 4.635443
6 4.635443
6 4.635443
6 4.635443
6 4.635443
6 4.635443
6 4.635443
6 4.635443
6 4.635443
6 4.635443
6 4.635443
6 4.635443
6 4.635443
6 4.635443
6 4.635443
6 4.635443
6 4.635443
6 4.635443
6 4.635443
6 4.635443
6 4.635443
6 4.635443
6 4.635443
6 4.635443
6 4.635443
6 4.635443
6 4.635443
6 4.635443
6 4.635443
6 4.635443
6 4.635443
6 4.635443
6 4.635443
6 4.635443
6 4.635443
6 4.635443
6 4.635443
6 4.635443
6 4.635443
6 4.635443
6 4.635443
6 4.635443
6 4.635443
6 4.635443
6 4.635443
6 4.635443
6 4.635443
6 4.635443
6 4.635443
6 4.635443
6 4.635443
6 4.635443
6 4.635443
6 4.635443
6 4.635443
6 4.635443
6 4.635443
6 4.635443
6 4.635443
6 4.635443
6 4.635443
6 4.635443
6 4.635443
6 4.635443
6 4.635443
6 4.635443
6 4.635443
6 4.635443
6 4.635443
6 4.635443
6 4.635443
6 4.635443
6 4.635443
6 4.635443
6 4.635443
6 4.635443
6 4.635443
6 4.635443
6 4.635443
6 4.635443
6 4.635443
6 4.635443
6 4.635443
6 4.635443
6 4.635443
6 4.635443
6 4.635443
6 4.635443
6 4.635443
6 4.635443
6 4.635443
6 4.635443
6 4.635443
6 4.635443
6 4.635443
6 4.635443
6 4.635443
6 4.635443
6 4.635443
6 4.635443
6 4.635443
6 4.635443
6 4.635443
6 4.635443
6 4.635443
6 4.635443
6 4.635443
6 4.635443
6 4.635443
6 4.635443
6 4.635443
6 4.635443
6 4.635443
6 4.635443
6 4.635443
6 4.635443
6 4.635443
6 4.635443
6 4.635443
6 4.635443
6 4.635443
6 4.635443
6 4.635443
6 4.635443
6 4.635443
6 4.635443
6 4.635443
6 4.635443
6 4.635443
6 4.635443
6 4.635443
6 4.635443
6 4.635443
6 4.635443
6 4.635443
6 4.635443
6 4.635443
6 4.635443
6 4.635443
6 4.635443
6 4.635443
6 4.635443
6 4.635443
6 4.635443
6 4.635443
6 4.635443
6 4.635443
6 4.635443
6 4.635443
6 4.635443
6 4.635443
6 4.635443
6 4.635443
6 4.635443
6 4.635443
6 4.635443
6 4.635443
6 4.635443
6 4.635443
6 4.635443
6 4.635443
6 4.635443
6 4.635443
6 4.635443
6 4.635443
6 4.635443
6 4.635443
6 4.635443
6 4.635443
6 4.635443
6 4.635443
6 4.635443
6 4.635443
6 4.635443
6 4.635443
6 4.635443
6 4.635443
6 4.635443
6 4.635443
6 4.635443
6 4.635443
6 4.635443
6 4.635443
6 4.635443
6 4.635443
6 4.635443
6 4.635443
6 4.635443
6 4.635443
6 4.635443
6 4.635443
6 4.635443
6 4.635443
6 4.635443
6 4.635443
6 4.635443
6 4.635443
6 4.635443
6 4.635443
6 4.635443
6 4.635443
6 4.635443
6 4.635443
6 4.635443
6 4.635443
6 4.635443
6 4.635443
6 4.635443
6 4.635443
6 4.635443
6 4.635443
6 4.635443
6 4.635443
6 4.635443
6 4.635443
6 4.635443
6 4.635443
6 4.635443
6 4.635443
6 4.635443
6 4.635443
6 4.635443
6 4.635443
6 4.635443
6 4.635443
6 4.635443
6 4.635443
6 4.635443
6 4.635443
6 4.635443
6 4.635443
6 4.635443
6 4.635443
6 4.635443
6 4.635443
6 4.635443
6 4.635443
6 4.635443
6 4.635443
6 4.635443
6 4.635443
6 4.635443
6 4.635443
6 4.635443
6 4.635443
6 4.635443
6 4.635443
6 4.635443
6 4.635443
6 4.635443
6 4.635443
6 4.635443
6 4.635443
6 4.635443
6 4.635443
6 4.635443
6 4.635443
6 4.635443
6 4.635443
6 4.635443
6 4.635443
6 4.635443
6 4.635443
6 4.635443
6 4.635443
6 4.635443
6 4.635443
6 4.635443
6 4.635443
6 4.635443
6 4.635443
6 4.635443
6 4.635443
6 4.635443
6 4.635443
6 4.635443
6 4.635443
6 4.635443
6 4.635443
6 4.635443
6 4.635443
6 4.635443
6 4.635443
6 4.635443
6 4.635443
6 4.635443
6 4.635443
6 4.635443
6 4.635443
6 4.635443
6 4.635443
6 4.635443
6 4.635443
6 4.635443
6 4.635443
6 4.635443
6 4.635443
6 4.635443
6 4.635443
6 4.635443
6 4.635443
6 4.635443
6 4.635443
6 4.635443
6 4.635443
6 4.635443
6 4.635443
6 4.635443
6 4.635443
6 4.635443
6 4.635443
6 4.635443
6 4.635443
6 4.635443
6 4.635443
6 4.635443
6 4.635443
6 4.635443
6 4.635443
6 4.635443
6 4.635443
6 4.635443
6 4.635443
6 4.635443
6 4.635443
6 4.635443
6 4.635443
6 4.635443
6 4.635443
6 4.635443
6 4.635443
6 4.635443
6 4.635443
6 4.635443
6 4.635443
6 4.635443
6 4.635443
6 4.635443
6 4.635443
6 4.635443
6 4.635443
6 4.635443
6 4.635443
6 4.635443
6 4.635443
6 4.635443
6 4.635443
6 4.635443
6 4.635443
6 4.635443
6 4.635443
6 4.635443
6 4.635443
6 4.635443
6 4.635443
6 4.635443
6 4.635443
6 4.635443
6 4.635443
6 4.635443
6 4.635443
6 4.635443
6 4.635443
6 4.635443
6 4.635443
6 4.635443
6 4.635443
6 4.635443
6 4.635443
6 4.635443
6 4.635443
6 4.635443
6 4.635443
6 4.635443
6 4.635443
6 4.635443
6 4.635443
6 4.635443
6 4.635443
6 4.635443
6 4.635443
6 4.635443
6 4.635443
6 4.635443
6 4.635443
6 4.635443
6 4.635443
6 4.635443
6 4.635443
6 4.635443
6 4.635443
6 4.635443
6 4.635443
6 4.635443
6 4.635443
6 4.635443
6 4.635443
6 4.635443
6 4.635443
6 4.635443
6 4.635443
6 4.635443
6 4.635443
6 4.635443
6 4.635443
6 4.635443
6 4.635443
6 4.635443
6 4.635443
6 4.635443
6 4.635443
6 4.635443
6 4.635443
6 4.635443
6 4.635443
6 4.635443
6 4.635443
6 4.635443
6 4.635443
6 4.635443
6 4.635443
6 4.635443
6 4.635443
6 4.635443
6 4.635443
6 4.635443
6 4.635443
6 4.635443
6 4.635443
6 4.635443
6 4.635443
6 4.635443
6 4.635443
6 4.635443
6 4.635443
6 4.635443
6 4.635443
6 4.635443
6 4.635443
6 4.635443
6 4.635443
6 4.635443
6 4.635443
6 4.635443
6 4.635443
6 4.635443
6 4.635443
6 4.635443
6 4.635443
6 4.635443
6 4.635443
6 4.635443
6 4.635443
6 4.635443
6 4.635443
6 4.635443
6 4.635443
6 4.635443
6 4.635443
6 4.635443
6 4.635443
6 4.635443
6 4.635443
6 4.635443
6 4.635443
6 4.635443
6 4.635443
6 4.635443
6 4.635443
6 4.635443
6 4.635443
6 4.635443
6 4.635443
6 4.635443
6 4.635443
6 4.635443
6 4.635443
6 4.635443
6 4.635443
6 4.635443
6 4.635443
6 4.635443
6 4.635443
6 4.635443
6 4.635443
6 4.635443
6 4.635443
6 4.635443
6 4.635443
6 4.635443
6 4.635443
6 4.635443
6 4.635443
6 4.635443
6 4.635443
6 4.635443
6 4.635443
6 4.635443
6 4.635443
6 4.635443
6 4.635443
6 4.635443
6 4.635443
6 4.635443
6 4.635443
6 4.635443
6 4.635443
6 4.635443
6 4.635443
6 4.635443
6 4.635443
6 4.635443
6 4.635443
6 4.635443
6 4.635443
6 4.635443
6 4.635443
6 4.635443
6 4.635443
6 4.635443
6 4.635443
6 4.635443
6 4.635443
6 4.635443
6 4.635443
6 4.635443
6 4.635443
6 4.635443
6 4.635443
6 4.635443
6 4.635443
6 4.635443
6 4.635443
6 4.635443
6 4.635443
6 4.635443
6 4.635443
6 4.635443
6 4.635443
6 4.635443
6 4.635443
6 4.635443
6 4.635443
6 4.635443
6 4.635443
6 4.635443
6 4.635443
6 4.635443
6 4.635443
6 4.635443
6 4.635443
6 4.635443
6 4.635443
6 4.635443
6 4.635443
6 4.635443
6 4.635443
6 4.635443
6 4.635443
6 4.635443
6 4.635443
6 4.635443
6 4.635443
6 4.635443
6 4.635443
6 4.635443
6 4.635443
6 4.635443
6 4.635443
6 4.635443
6 4.635443
6 4.635443
6 4.635443
6 4.635443
6 4.635443
6 4.635443
6 4.635443
6 4.635443
6 4.635443
6 4.635443
6 4.635443
6 4.635443
6 4.635443
6 4.635443
6 4.635443
6 4.635443
6 4.635443
6 4.635443
6 4.635443
6 4.635443
6 4.635443
6 4.635443
6 4.635443
6 4.635443
6 4.635443
6 4.635443
6 4.635443
6 4.635443
6 4.635443
6 4.635443
6 4.635443
6 4.635443
6 4.635443
6 4.635443
6 4.635443
6 4.635443
6 4.635443
6 4.635443
6 4.635443
6 4.635443
6 4.635443
6 4.635443
6 4.635443
6 4.635443
6 4.635443
